#Kepler Instrument Response Function (high resolution)
#Source: Kepler Instrument Handbook (http://keplergo.arc.nasa.gov/Instrumentation.shtml)
#Author: Jeff Van Cleve (NASA ARC)
#version: 1.0
#date: 2009/11/05
#feedback: keplergo@mail.arc.nasa.gov

#lambda Transmission
#(nm)   
348	1.121E-04
349	1.508E-04
350	1.583E-04
351	1.927E-04
352	2.265E-04
353	2.336E-04
354	2.165E-04
355	2.300E-04
356	2.783E-04
357	3.291E-04
358	3.812E-04
359	4.237E-04
360	4.536E-04
361	4.996E-04
362	5.490E-04
363	6.071E-04
364	6.789E-04
365	7.407E-04
366	7.886E-04
367	8.320E-04
368	8.641E-04
369	8.897E-04
370	9.077E-04
371	9.264E-04
372	9.365E-04
373	9.370E-04					
374	9.395E-04					
375	1.000E-03					
376	9.914E-04					
377	9.873E-04					
378	9.737E-04					
379	9.516E-04					
380	9.258E-04					
381	9.035E-04					
382	8.730E-04					
383	8.389E-04					
384	8.059E-04					
385	7.770E-04					
386	7.384E-04
387	7.001E-04
388	6.615E-04
389	6.169E-04
390	5.831E-04
391	5.563E-04
392	5.361E-04
393	5.005E-04
394	4.508E-04
395	3.983E-04
396	3.697E-04
397	3.790E-04
398	4.003E-04
399	4.145E-04
400	3.953E-04
401	3.424E-04
402	2.973E-04
403	2.853E-04
404	3.305E-04
405	3.981E-04
406	4.674E-04
407	5.121E-04
408	5.376E-04
409	5.777E-04
410	6.905E-04
411	9.656E-04
412	1.441E-03
413	2.082E-03
414	2.756E-03
415	3.377E-03
416	3.994E-03
417	4.842E-03
418	6.326E-03
419	8.848E-03
420	1.278E-02
421	1.821E-02
422	2.507E-02
423	3.332E-02
424	4.333E-02
425	5.630E-02
426	7.321E-02
427	9.461E-02
428	1.205E-01
429	1.501E-01
430	1.815E-01
431	2.125E-01
432	2.417E-01
433	2.704E-01
434	2.988E-01
435	3.282E-01
436	3.559E-01
437	3.811E-01
438	4.020E-01
439	4.173E-01
440	4.278E-01
441	4.360E-01
442	4.409E-01
443	4.450E-01
444	4.487E-01
445	4.519E-01
446	4.553E-01
447	4.585E-01
448	4.617E-01
449	4.638E-01
450	4.648E-01
451	4.656E-01
452	4.669E-01
453	4.685E-01
454	4.725E-01
455	4.777E-01
456	4.843E-01
457	4.912E-01
458	4.966E-01
459	5.002E-01
460	5.023E-01
461	5.023E-01
462	5.015E-01
463	5.010E-01
464	5.021E-01
465	5.042E-01
466	5.087E-01
467	5.149E-01
468	5.217E-01
469	5.284E-01
470	5.335E-01
471	5.362E-01
472	5.376E-01
473	5.375E-01
474	5.365E-01
475	5.360E-01
476	5.375E-01
477	5.403E-01
478	5.456E-01
479	5.522E-01
480	5.584E-01
481	5.652E-01
482	5.696E-01
483	5.729E-01
484	5.765E-01
485	5.786E-01
486	5.811E-01
487	5.837E-01
488	5.876E-01
489	5.918E-01
490	5.964E-01
491	6.012E-01
492	6.052E-01
493	6.076E-01
494	6.095E-01
495	6.103E-01
496	6.110E-01
497	6.120E-01
498	6.143E-01
499	6.183E-01
500	6.239E-01
501	6.290E-01
502	6.341E-01
503	6.393E-01
504	6.431E-01
505	6.455E-01
506	6.450E-01
507	6.435E-01
508	6.409E-01
509	6.371E-01
510	6.340E-01
511	6.317E-01
512	6.314E-01
513	6.324E-01
514	6.354E-01
515	6.392E-01
516	6.431E-01
517	6.473E-01
518	6.510E-01
519	6.540E-01
520	6.556E-01
521	6.567E-01
522	6.580E-01
523	6.594E-01
524	6.608E-01
525	6.629E-01
526	6.652E-01
527	6.672E-01
528	6.695E-01
529	6.710E-01
530	6.720E-01
531	6.719E-01
532	6.708E-01
533	6.697E-01
534	6.680E-01
535	6.665E-01
536	6.663E-01
537	6.672E-01
538	6.692E-01
539	6.722E-01
540	6.760E-01
541	6.800E-01
542	6.833E-01
543	6.858E-01
544	6.875E-01
545	6.875E-01
546	6.868E-01
547	6.855E-01
548	6.834E-01
549	6.819E-01
550	6.809E-01
551	6.810E-01
552	6.832E-01
553	6.865E-01
554	6.897E-01
555	6.928E-01
556	6.972E-01
557	7.006E-01
558	7.023E-01
559	7.033E-01
560	7.035E-01
561	7.033E-01
562	7.021E-01
563	7.006E-01
564	6.997E-01
565	6.998E-01
566	7.000E-01
567	7.022E-01
568	7.049E-01
569	7.072E-01
570	7.101E-01
571	7.128E-01
572	7.150E-01
573	7.157E-01
574	7.153E-01
575	7.145E-01
576	7.130E-01
577	7.115E-01
578	7.094E-01
579	7.076E-01
580	7.069E-01
581	7.071E-01
582	7.087E-01
583	7.112E-01
584	7.145E-01
585	7.177E-01
586	7.208E-01
587	7.230E-01
588	7.244E-01
589	7.250E-01
590	7.242E-01
591	7.220E-01
592	7.189E-01
593	7.159E-01
594	7.131E-01
595	7.106E-01
596	7.088E-01
597	7.081E-01
598	7.084E-01
599	7.102E-01
600	7.135E-01
601	7.155E-01
602	7.170E-01
603	7.188E-01
604	7.208E-01
605	7.214E-01
606	7.208E-01
607	7.185E-01
608	7.148E-01
609	7.106E-01
610	7.058E-01
611	7.003E-01
612	6.954E-01
613	6.904E-01
614	6.860E-01
615	6.836E-01
616	6.815E-01
617	6.814E-01
618	6.812E-01
619	6.833E-01
620	6.855E-01
621	6.883E-01
622	6.910E-01
623	6.936E-01
624	6.950E-01
625	6.964E-01
626	6.967E-01
627	6.954E-01
628	6.932E-01
629	6.904E-01
630	6.870E-01
631	6.830E-01
632	6.798E-01
633	6.766E-01
634	6.729E-01
635	6.708E-01
636	6.686E-01
637	6.673E-01
638	6.672E-01
639	6.671E-01
640	6.679E-01
641	6.691E-01
642	6.703E-01
643	6.714E-01
644	6.727E-01
645	6.730E-01
646	6.740E-01
647	6.735E-01
648	6.727E-01
649	6.711E-01
650	6.701E-01
651	6.683E-01
652	6.674E-01
653	6.656E-01
654	6.638E-01
655	6.622E-01
656	6.608E-01
657	6.588E-01
658	6.584E-01
659	6.579E-01
660	6.568E-01
661	6.566E-01
662	6.560E-01
663	6.558E-01
664	6.554E-01
665	6.556E-01
666	6.549E-01
667	6.559E-01
668	6.543E-01
669	6.539E-01
670	6.531E-01
671	6.529E-01
672	6.519E-01
673	6.511E-01
674	6.503E-01
675	6.491E-01
676	6.468E-01
677	6.465E-01
678	6.450E-01
679	6.444E-01
680	6.420E-01
681	6.407E-01
682	6.400E-01
683	6.373E-01
684	6.355E-01
685	6.335E-01
686	6.318E-01
687	6.296E-01
688	6.276E-01
689	6.254E-01
690	6.242E-01
691	6.229E-01
692	6.210E-01
693	6.197E-01
694	6.185E-01
695	6.172E-01
696	6.172E-01
697	6.163E-01
698	6.157E-01
699	6.165E-01
700	6.159E-01
701	6.150E-01
702	6.135E-01
703	6.129E-01
704	6.110E-01
705	6.104E-01
706	6.093E-01
707	6.070E-01
708	6.065E-01
709	6.039E-01
710	6.025E-01
711	6.002E-01
712	5.968E-01
713	5.959E-01
714	5.933E-01
715	5.907E-01
716	5.889E-01
717	5.860E-01
718	5.840E-01
719	5.820E-01
720	5.814E-01
721	5.784E-01
722	5.771E-01
723	5.762E-01
724	5.748E-01
725	5.740E-01
726	5.725E-01
727	5.708E-01
728	5.706E-01
729	5.689E-01
730	5.670E-01
731	5.666E-01
732	5.645E-01
733	5.638E-01
734	5.642E-01
735	5.613E-01
736	5.603E-01
737	5.595E-01
738	5.592E-01
739	5.582E-01
740	5.562E-01
741	5.549E-01
742	5.532E-01
743	5.523E-01
744	5.502E-01
745	5.486E-01
746	5.471E-01
747	5.460E-01
748	5.439E-01
749	5.428E-01
750	5.412E-01
751	5.383E-01
752	5.370E-01
753	5.359E-01
754	5.334E-01
755	5.321E-01
756	5.311E-01
757	5.284E-01
758	5.266E-01
759	5.247E-01
760	5.228E-01
761	5.207E-01
762	5.202E-01
763	5.172E-01
764	5.150E-01
765	5.134E-01
766	5.113E-01
767	5.087E-01
768	5.053E-01
769	5.044E-01
770	5.022E-01
771	5.003E-01
772	4.982E-01
773	4.957E-01
774	4.934E-01
775	4.905E-01
776	4.892E-01
777	4.885E-01
778	4.870E-01
779	4.855E-01
780	4.841E-01
781	4.836E-01
782	4.821E-01
783	4.801E-01
784	4.802E-01
785	4.793E-01
786	4.783E-01
787	4.772E-01
788	4.758E-01
789	4.763E-01
790	4.761E-01
791	4.743E-01
792	4.727E-01
793	4.715E-01
794	4.707E-01
795	4.688E-01
796	4.674E-01
797	4.652E-01
798	4.619E-01
799	4.690E-01
800	4.681E-01
801	4.646E-01
802	4.612E-01
803	4.588E-01
804	4.558E-01
805	4.524E-01
806	4.494E-01
807	4.471E-01
808	4.446E-01
809	4.423E-01
810	4.395E-01
811	4.377E-01
812	4.357E-01
813	4.334E-01
814	4.308E-01
815	4.288E-01
816	4.273E-01
817	4.250E-01
818	4.219E-01
819	4.195E-01
820	4.156E-01
821	4.133E-01
822	4.101E-01
823	4.069E-01
824	4.028E-01
825	4.003E-01
826	3.979E-01
827	3.943E-01
828	3.911E-01
829	3.872E-01
830	3.830E-01
831	3.795E-01
832	3.762E-01
833	3.725E-01
834	3.684E-01
835	3.646E-01
836	3.611E-01
837	3.587E-01
838	3.561E-01
839	3.539E-01
840	3.520E-01
841	3.492E-01
842	3.473E-01
843	3.452E-01
844	3.434E-01
845	3.410E-01
846	3.393E-01
847	3.377E-01
848	3.344E-01
849	3.329E-01
850	3.322E-01
851	3.307E-01
852	3.284E-01
853	3.272E-01
854	3.256E-01
855	3.236E-01
856	3.224E-01
857	3.211E-01
858	3.182E-01
859	3.181E-01
860	3.155E-01
861	3.127E-01
862	3.107E-01
863	3.087E-01
864	3.067E-01
865	3.046E-01
866	3.027E-01
867	3.009E-01
868	2.989E-01
869	2.968E-01
870	2.948E-01
871	2.925E-01
872	2.897E-01
873	2.865E-01
874	2.830E-01
875	2.786E-01
876	2.736E-01
877	2.673E-01
878	2.605E-01
879	2.523E-01
880	2.434E-01
881	2.332E-01
882	2.222E-01
883	2.101E-01
884	1.972E-01
885	1.838E-01
886	1.695E-01
887	1.554E-01
888	1.410E-01
889	1.262E-01
890	1.125E-01
891	9.869E-02
892	8.603E-02
893	7.401E-02
894	6.322E-02
895	5.340E-02
896	4.464E-02
897	3.715E-02
898	3.064E-02
899	2.485E-02
900	2.032E-02
901	1.660E-02
902	1.346E-02
903	1.097E-02
904	8.958E-03
905	7.281E-03
906	5.943E-03
907	4.877E-03
908	3.998E-03
909	3.305E-03
910	2.737E-03
911	2.321E-03
912	1.901E-03
913	1.598E-03
914	1.378E-03
915	1.169E-03
916	1.019E-03
917	8.584E-04
918	7.582E-04
919	6.634E-04
920	5.874E-04
921	5.434E-04
922	4.853E-04
923	4.374E-04
924	4.194E-04
925	3.746E-04
926	3.457E-04
927	3.125E-04
928	3.310E-04
929	3.092E-04
930	2.809E-04
931	2.648E-04
932	2.602E-04
933	2.596E-04
934	2.345E-04
935	2.215E-04
936	2.081E-04
937	1.972E-04
938	2.261E-04
939	2.006E-04
940	2.166E-04
941	2.254E-04
942	2.011E-04
943	1.804E-04
944	1.845E-04
945	1.630E-04
946	1.663E-04
947	1.548E-04
948	1.562E-04
949	1.402E-04
950	1.477E-04
951	1.480E-04
952	1.500E-04
953	1.480E-04
954	1.454E-04
955	1.397E-04
956	1.387E-04
957	1.345E-04
958	1.628E-04
959	1.339E-04
960	1.539E-04
961	1.313E-04
962	1.234E-04
963	1.339E-04
964	1.323E-04
965	1.375E-04
966	1.321E-04
967	1.254E-04
968	1.288E-04
969	1.168E-04
970	1.209E-04
