MORC to RA, DEC conversion for the 4 Seasons of Kepler	
Jeffrey Van Cleve & Steve Bryson, Kepler Science Office	
07/08/09                                                                    Spring                            Summer                           Fall                         Winter                         Spring, again
      mod             out              row              column        RA              DEC              RA             DEC             RA              DEC              RA             DEC               RA              DEC     
   2.0000000e+00   1.0000000e+00   2.5000000e+01   1.7000000e+01   2.8211889e+02   4.5119822e+01   2.8947289e+02   3.8473114e+01   2.9894638e+02   4.3260572e+01   2.9213641e+02   5.0511554e+01   2.8211889e+02   4.5119823e+01
   2.0000000e+00   1.0000000e+00   2.5000000e+01   1.1060000e+03   2.8317297e+02   4.4179651e+01   2.9076254e+02   3.9133467e+01   2.9817875e+02   4.4327798e+01   2.9055130e+02   4.9866418e+01   2.8317297e+02   4.4179651e+01
   2.0000000e+00   1.0000000e+00   5.3500000e+02   5.5000000e+02   2.8202335e+02   4.4308557e+01   2.9049468e+02   3.8326532e+01   2.9926974e+02   4.4040259e+01   2.9087957e+02   5.0673126e+01   2.8202335e+02   4.4308558e+01
   2.0000000e+00   1.0000000e+00   1.0380000e+03   1.7000000e+01   2.8089999e+02   4.4410984e+01   2.9025459e+02   3.7539363e+01   3.0032497e+02   4.3762146e+01   2.9119108e+02   5.1458727e+01   2.8089999e+02   4.4410985e+01
   2.0000000e+00   1.0000000e+00   1.0380000e+03   1.1060000e+03   2.8196064e+02   4.3481211e+01   2.9153566e+02   3.8191058e+01   2.9957633e+02   4.4839331e+01   2.8958601e+02   5.0800726e+01   2.8196064e+02   4.3481210e+01
   2.0000000e+00   2.0000000e+00   2.5000000e+01   1.7000000e+01   2.8420322e+02   4.3220023e+01   2.9209022e+02   3.9785215e+01   2.9737539e+02   4.5400731e+01   2.8899266e+02   4.9193974e+01   2.8420321e+02   4.3220023e+01
   2.0000000e+00   2.0000000e+00   2.5000000e+01   1.1060000e+03   2.8318345e+02   4.4170098e+01   2.9077570e+02   3.9140065e+01   2.9817085e+02   4.4338559e+01   2.9053549e+02   4.9859792e+01   2.8318345e+02   4.4170098e+01
   2.0000000e+00   2.0000000e+00   5.3500000e+02   5.5000000e+02   2.8309693e+02   4.3338861e+01   2.9183310e+02   3.8995759e+01   2.9847309e+02   4.5143954e+01   2.8925659e+02   4.9989870e+01   2.8309693e+02   4.3338861e+01
   2.0000000e+00   2.0000000e+00   1.0380000e+03   1.7000000e+01   2.8299918e+02   4.2532366e+01   2.9285293e+02   3.8834934e+01   2.9879127e+02   4.5922270e+01   2.8801065e+02   5.0114366e+01   2.8299918e+02   4.2532365e+01
   2.0000000e+00   2.0000000e+00   1.0380000e+03   1.1060000e+03   2.8197119e+02   4.3471764e+01   2.9154872e+02   3.8197573e+01   2.9956863e+02   4.4850192e+01   2.8957002e+02   5.0793965e+01   2.8197119e+02   4.3471764e+01
   2.0000000e+00   3.0000000e+00   2.5000000e+01   1.7000000e+01   2.8171809e+02   4.1770748e+01   2.9365909e+02   3.7794795e+01   3.0036275e+02   4.6468736e+01   2.8689955e+02   5.1106768e+01   2.8171809e+02   4.1770747e+01
   2.0000000e+00   3.0000000e+00   2.5000000e+01   1.1060000e+03   2.8068388e+02   4.2698185e+01   2.9236680e+02   3.7166539e+01   3.0111731e+02   4.5386719e+01   2.8847562e+02   5.1800928e+01   2.8068387e+02   4.2698184e+01
   2.0000000e+00   3.0000000e+00   5.3500000e+02   5.5000000e+02   2.8180608e+02   4.2582372e+01   2.9265139e+02   3.7969001e+01   3.0001005e+02   4.5692187e+01   2.8818080e+02   5.0987918e+01   2.8180608e+02   4.2582371e+01
   2.0000000e+00   3.0000000e+00   1.0380000e+03   1.7000000e+01   2.8289432e+02   4.2471049e+01   2.9291931e+02   3.8750917e+01   2.9891737e+02   4.5967497e+01   2.8792212e+02   5.0195103e+01   2.8289432e+02   4.2471048e+01
   2.0000000e+00   3.0000000e+00   1.0380000e+03   1.1060000e+03   2.8186619e+02   4.3409781e+01   2.9161572e+02   3.8114635e+01   2.9969246e+02   4.4894370e+01   2.8948331e+02   5.0875543e+01   2.8186618e+02   4.3409780e+01
   2.0000000e+00   4.0000000e+00   2.5000000e+01   1.7000000e+01   2.7960813e+02   4.3625615e+01   2.9108296e+02   3.6518400e+01   3.0184996e+02   4.4288686e+01   2.9011735e+02   5.2479576e+01   2.7960812e+02   4.3625616e+01
   2.0000000e+00   4.0000000e+00   2.5000000e+01   1.1060000e+03   2.8067327e+02   4.2707511e+01   2.9235385e+02   3.7160121e+01   3.0112479e+02   4.5375758e+01   2.8849180e+02   5.1807832e+01   2.8067327e+02   4.2707510e+01
   2.0000000e+00   4.0000000e+00   5.3500000e+02   5.5000000e+02   2.8072598e+02   4.3540216e+01   2.9132382e+02   3.7309497e+01   3.0078410e+02   4.4577831e+01   2.8982359e+02   5.1685644e+01   2.8072598e+02   4.3540216e+01
   2.0000000e+00   4.0000000e+00   1.0380000e+03   1.7000000e+01   2.8079499e+02   4.4348360e+01   2.9032206e+02   3.7457582e+01   3.0044645e+02   4.3805270e+01   2.9110649e+02   5.1541070e+01   2.8079498e+02   4.4348361e+01
   2.0000000e+00   4.0000000e+00   1.0380000e+03   1.1060000e+03   2.8185563e+02   4.3419220e+01   2.9160266e+02   3.8108132e+01   2.9970014e+02   4.4883499e+01   2.8949931e+02   5.0882312e+01   2.8185563e+02   4.3419220e+01
   3.0000000e+00   1.0000000e+00   2.5000000e+01   1.7000000e+01   2.8455510e+02   4.2874703e+01   2.9257021e+02   4.0008263e+01   2.9708967e+02   4.5782001e+01   2.8844615e+02   4.8954834e+01   2.8455509e+02   4.2874703e+01
   3.0000000e+00   1.0000000e+00   2.5000000e+01   1.1060000e+03   2.8553148e+02   4.1912303e+01   2.9391882e+02   4.0631797e+01   2.9625384e+02   4.6836797e+01   2.8695864e+02   4.8262908e+01   2.8553148e+02   4.1912302e+01
   3.0000000e+00   1.0000000e+00   5.3500000e+02   5.5000000e+02   2.8442920e+02   4.2065936e+01   2.9360677e+02   3.9833033e+01   2.9740353e+02   4.6566468e+01   2.8721931e+02   4.9078471e+01   2.8442920e+02   4.2065935e+01
   3.0000000e+00   1.0000000e+00   1.0380000e+03   1.7000000e+01   2.8335110e+02   4.2193371e+01   2.9332514e+02   3.9053183e+01   2.9851483e+02   4.6304079e+01   2.8746291e+02   4.9872453e+01   2.8335110e+02   4.2193370e+01
   3.0000000e+00   1.0000000e+00   1.0380000e+03   1.1060000e+03   2.8433498e+02   4.1240369e+01   2.9466279e+02   3.9667872e+01   2.9769938e+02   4.7369989e+01   2.8596066e+02   4.9167872e+01   2.8433498e+02   4.1240367e+01
   3.0000000e+00   2.0000000e+00   2.5000000e+01   1.7000000e+01   2.8648743e+02   4.0931620e+01   2.9530702e+02   4.1244809e+01   2.9537657e+02   4.7896177e+01   2.8549634e+02   4.7545593e+01   2.8648743e+02   4.0931618e+01
   3.0000000e+00   2.0000000e+00   2.5000000e+01   1.1060000e+03   2.8554119e+02   4.1902533e+01   2.9393258e+02   4.0638015e+01   2.9624523e+02   4.6847427e+01   2.8694381e+02   4.8255821e+01   2.8554119e+02   4.1902532e+01
   3.0000000e+00   2.0000000e+00   5.3500000e+02   5.5000000e+02   2.8542521e+02   4.1073508e+01   2.9500525e+02   4.0463404e+01   2.9653463e+02   4.7657448e+01   2.8569849e+02   4.8348309e+01   2.8542521e+02   4.1073506e+01
   3.0000000e+00   2.0000000e+00   1.0380000e+03   1.7000000e+01   2.8529996e+02   4.0269456e+01   2.9603805e+02   4.0272895e+01   2.9684166e+02   4.8440577e+01   2.8448656e+02   4.8436969e+01   2.8529996e+02   4.0269454e+01
   3.0000000e+00   2.0000000e+00   1.0380000e+03   1.1060000e+03   2.8434478e+02   4.1230695e+01   2.9467643e+02   3.9674005e+01   2.9769098e+02   4.7380732e+01   2.8594570e+02   4.9160653e+01   2.8434478e+02   4.1230693e+01
   3.0000000e+00   3.0000000e+00   2.5000000e+01   1.7000000e+01   2.8403872e+02   3.9537122e+01   2.9680846e+02   3.9213944e+01   2.9846563e+02   4.9010299e+01   2.8334963e+02   4.9393042e+01   2.8403872e+02   3.9537119e+01
   3.0000000e+00   3.0000000e+00   2.5000000e+01   1.1060000e+03   2.8307563e+02   4.0487100e+01   2.9546169e+02   3.8623613e+01   2.9929138e+02   4.7939478e+01   2.8481937e+02   5.0131383e+01   2.8307563e+02   4.0487097e+01
   3.0000000e+00   3.0000000e+00   5.3500000e+02   5.5000000e+02   2.8415491e+02   4.0346463e+01   2.9578945e+02   3.9417386e+01   2.9812105e+02   4.8228650e+01   2.8459313e+02   4.9310701e+01   2.8415491e+02   4.0346461e+01
   3.0000000e+00   3.0000000e+00   1.0380000e+03   1.7000000e+01   2.8520153e+02   4.0211880e+01   2.9610035e+02   4.0191053e+01   2.9696617e+02   4.8486870e+01   2.8439801e+02   4.8511228e+01   2.8520153e+02   4.0211878e+01
   3.0000000e+00   3.0000000e+00   1.0380000e+03   1.1060000e+03   2.8424541e+02   4.1172261e+01   2.9473981e+02   3.9592640e+01   2.9781408e+02   4.7426116e+01   2.8585800e+02   4.9236279e+01   2.8424541e+02   4.1172259e+01
   3.0000000e+00   4.0000000e+00   2.5000000e+01   1.7000000e+01   2.8207551e+02   4.1438716e+01   2.9412351e+02   3.8012444e+01   3.0009054e+02   4.6851801e+01   2.8635069e+02   5.0857258e+01   2.8207550e+02   4.1438714e+01
   3.0000000e+00   4.0000000e+00   2.5000000e+01   1.1060000e+03   2.8306577e+02   4.0496661e+01   2.9544819e+02   3.8617572e+01   2.9929954e+02   4.7928626e+01   2.8483445e+02   5.0138746e+01   2.8306576e+02   4.0496658e+01
   3.0000000e+00   4.0000000e+00   5.3500000e+02   5.5000000e+02   2.8315060e+02   4.1327840e+01   2.9440476e+02   3.8796242e+01   2.9896667e+02   4.7125919e+01   2.8612748e+02   5.0055563e+01   2.8315060e+02   4.1327838e+01
   3.0000000e+00   4.0000000e+00   1.0380000e+03   1.7000000e+01   2.8325091e+02   4.2134093e+01   2.9338948e+02   3.8972377e+01   2.9863643e+02   4.6348539e+01   2.8737634e+02   4.9949400e+01   2.8325090e+02   4.2134092e+01
   3.0000000e+00   4.0000000e+00   1.0380000e+03   1.1060000e+03   2.8423561e+02   4.1181925e+01   2.9472619e+02   3.9586512e+01   2.9782248e+02   4.7415364e+01   2.8587297e+02   4.9243511e+01   2.8423561e+02   4.1181924e+01
   4.0000000e+00   1.0000000e+00   2.5000000e+01   1.7000000e+01   2.8682212e+02   4.0584801e+01   2.9580204e+02   4.1460354e+01   2.9505355e+02   4.8267600e+01   2.8499167e+02   4.7284985e+01   2.8682212e+02   4.0584800e+01
   4.0000000e+00   1.0000000e+00   2.5000000e+01   1.1060000e+03   2.8773149e+02   3.9603640e+01   2.9721127e+02   4.2044503e+01   2.9413548e+02   4.9307077e+01   2.8359692e+02   4.6550856e+01   2.8773149e+02   3.9603638e+01
   4.0000000e+00   1.0000000e+00   5.3500000e+02   5.5000000e+02   2.8667225e+02   3.9778633e+01   2.9685187e+02   4.1255324e+01   2.9535227e+02   4.9057527e+01   2.8379742e+02   4.7373165e+01   2.8667225e+02   3.9778630e+01
   4.0000000e+00   1.0000000e+00   1.0380000e+03   1.7000000e+01   2.8563553e+02   3.9927786e+01   2.9652570e+02   4.0484107e+01   2.9652784e+02   4.8814173e+01   2.8398084e+02   4.8173421e+01   2.8563553e+02   3.9927784e+01
   4.0000000e+00   1.0000000e+00   1.0380000e+03   1.1060000e+03   2.8655286e+02   3.8955154e+01   2.9792119e+02   4.1059346e+01   2.9563123e+02   4.9866014e+01   2.8257584e+02   4.7427016e+01   2.8655286e+02   3.8955151e+01
   4.0000000e+00   2.0000000e+00   2.5000000e+01   1.7000000e+01   2.8862355e+02   3.8605233e+01   2.9866127e+02   4.2616212e+01   2.9316887e+02   5.0349664e+01   2.8222576e+02   4.5793017e+01   2.8862355e+02   3.8605232e+01
   4.0000000e+00   2.0000000e+00   2.5000000e+01   1.1060000e+03   2.8774054e+02   3.9593687e+01   2.9722565e+02   4.2050315e+01   2.9412601e+02   4.9317546e+01   2.8358302e+02   4.6543353e+01   2.8774054e+02   3.9593685e+01
   4.0000000e+00   2.0000000e+00   5.3500000e+02   5.5000000e+02   2.8760120e+02   3.8767063e+01   2.9831168e+02   4.1844219e+01   2.9439591e+02   5.0132665e+01   2.8237326e+02   4.6600822e+01   2.8760120e+02   3.8767060e+01
   4.0000000e+00   2.0000000e+00   1.0380000e+03   1.7000000e+01   2.8745413e+02   3.7965585e+01   2.9935543e+02   4.1622990e+01   2.9468520e+02   5.0921168e+01   2.8119693e+02   4.6656150e+01   2.8745414e+02   3.7965582e+01
   4.0000000e+00   2.0000000e+00   1.0380000e+03   1.1060000e+03   2.8656200e+02   3.8945288e+01   2.9793542e+02   4.1065073e+01   2.9562197e+02   4.9876608e+01   2.8256184e+02   4.7419386e+01   2.8656200e+02   3.8945286e+01
   4.0000000e+00   3.0000000e+00   2.5000000e+01   1.7000000e+01   2.8620497e+02   3.7258676e+01   3.0008424e+02   4.0538106e+01   2.9637662e+02   5.1518164e+01   2.8004268e+02   4.7584546e+01   2.8620497e+02   3.7258672e+01
   4.0000000e+00   3.0000000e+00   2.5000000e+01   1.1060000e+03   2.8530557e+02   3.8228399e+01   2.9868178e+02   3.9989670e+01   2.9728661e+02   5.0460881e+01   2.8141445e+02   4.8360872e+01   2.8530557e+02   3.8228395e+01
   4.0000000e+00   3.0000000e+00   5.3500000e+02   5.5000000e+02   2.8634501e+02   3.8065139e+01   2.9905679e+02   4.0772751e+01   2.9604455e+02   5.0731314e+01   2.8124671e+02   4.7534925e+01   2.8634501e+02   3.8065135e+01
   4.0000000e+00   3.0000000e+00   1.0380000e+03   1.7000000e+01   2.8735313e+02   3.7909405e+01   2.9941475e+02   4.1536204e+01   2.9481915e+02   5.0969919e+01   2.8110588e+02   4.6730985e+01   2.8735313e+02   3.7909402e+01
   4.0000000e+00   3.0000000e+00   1.0380000e+03   1.1060000e+03   2.8646123e+02   3.8888723e+01   2.9799573e+02   4.0979776e+01   2.9575279e+02   4.9923993e+01   2.8247204e+02   4.7494616e+01   2.8646123e+02   3.8888720e+01
   4.0000000e+00   4.0000000e+00   2.5000000e+01   1.7000000e+01   2.8437328e+02   3.9201225e+01   2.9728769e+02   3.9419479e+01   2.9816425e+02   4.9385676e+01   2.8284344e+02   4.9127381e+01   2.8437328e+02   3.9201222e+01
   4.0000000e+00   4.0000000e+00   2.5000000e+01   1.1060000e+03   2.8529637e+02   3.8238167e+01   2.9866772e+02   3.9984045e+01   2.9729560e+02   5.0450158e+01   2.8142853e+02   4.8368630e+01   2.8529637e+02   3.8238163e+01
   4.0000000e+00   4.0000000e+00   5.3500000e+02   5.5000000e+02   2.8540843e+02   3.9067146e+01   2.9761333e+02   4.0194107e+01   2.9697458e+02   4.9642531e+01   2.8268057e+02   4.8320488e+01   2.8540843e+02   3.9067143e+01
   4.0000000e+00   4.0000000e+00   1.0380000e+03   1.7000000e+01   2.8553512e+02   3.9870877e+01   2.9658682e+02   4.0400389e+01   2.9665543e+02   4.8860197e+01   2.8389253e+02   4.8248979e+01   2.8553512e+02   3.9870875e+01
   4.0000000e+00   4.0000000e+00   1.0380000e+03   1.1060000e+03   2.8645209e+02   3.8898586e+01   2.9798152e+02   4.0974064e+01   2.9576202e+02   4.9913385e+01   2.8248605e+02   4.7502249e+01   2.8645209e+02   3.8898583e+01
   6.0000000e+00   1.0000000e+00   2.5000000e+01   1.7000000e+01   2.8498691e+02   4.7288606e+01   2.8681753e+02   4.0581995e+01   2.9580524e+02   4.1456608e+01   2.9505955e+02   4.8270331e+01   2.8498691e+02   4.7288608e+01
   6.0000000e+00   1.0000000e+00   2.5000000e+01   1.1060000e+03   2.8359139e+02   4.6555280e+01   2.8772570e+02   3.9600478e+01   2.9721479e+02   4.2039733e+01   2.9414298e+02   4.9310253e+01   2.8359139e+02   4.6555281e+01
   6.0000000e+00   1.0000000e+00   5.3500000e+02   5.5000000e+02   2.8379287e+02   4.7377423e+01   2.8666685e+02   3.9776111e+01   2.9685451e+02   4.1250921e+01   2.9535938e+02   4.9059943e+01   2.8379287e+02   4.7377425e+01
   6.0000000e+00   1.0000000e+00   1.0380000e+03   1.7000000e+01   2.8397723e+02   4.8177523e+01   2.8563048e+02   3.9925867e+01   2.9652753e+02   4.0480041e+01   2.9653456e+02   4.8815886e+01   2.8397723e+02   4.8177525e+01
   6.0000000e+00   1.0000000e+00   1.0380000e+03   1.1060000e+03   2.8257131e+02   4.7431934e+01   2.8654663e+02   3.8952817e+01   2.9792337e+02   4.1054254e+01   2.9563954e+02   4.9868210e+01   2.8257131e+02   4.7431937e+01
   6.0000000e+00   2.0000000e+00   2.5000000e+01   1.7000000e+01   2.8221935e+02   4.5798301e+01   2.8861649e+02   3.8601682e+01   2.9866512e+02   4.2610324e+01   2.9317804e+02   5.0353360e+01   2.8221934e+02   4.5798303e+01
   6.0000000e+00   2.0000000e+00   2.5000000e+01   1.1060000e+03   2.8357748e+02   4.6547785e+01   2.8773474e+02   3.9590521e+01   2.9722917e+02   4.2045535e+01   2.9413352e+02   4.9320727e+01   2.8357748e+02   4.6547787e+01
   6.0000000e+00   2.0000000e+00   5.3500000e+02   5.5000000e+02   2.8236776e+02   4.6605897e+01   2.8759460e+02   3.8764103e+01   2.9831470e+02   4.1838754e+01   2.9440463e+02   5.0135623e+01   2.8236775e+02   4.6605899e+01
   6.0000000e+00   2.0000000e+00   1.0380000e+03   1.7000000e+01   2.8119147e+02   4.6661877e+01   2.8744673e+02   3.7962842e+01   2.9935792e+02   4.1616848e+01   2.9469517e+02   5.0923879e+01   2.8119147e+02   4.6661879e+01
   6.0000000e+00   2.0000000e+00   1.0380000e+03   1.1060000e+03   2.8255731e+02   4.7424312e+01   2.8655576e+02   3.8942947e+01   2.9793760e+02   4.1059970e+01   2.9563030e+02   4.9878809e+01   2.8255731e+02   4.7424315e+01
   6.0000000e+00   3.0000000e+00   2.5000000e+01   1.7000000e+01   2.8003652e+02   4.7589946e+01   2.8619809e+02   3.7255575e+01   3.0008706e+02   4.0532224e+01   2.9638649e+02   5.1521092e+01   2.8003652e+02   4.7589950e+01
   6.0000000e+00   3.0000000e+00   2.5000000e+01   1.1060000e+03   2.8140892e+02   4.8366128e+01   2.8529902e+02   3.8225543e+01   2.9868438e+02   3.9984166e+01   2.9729586e+02   5.0463400e+01   2.8140892e+02   4.8366132e+01
   6.0000000e+00   3.0000000e+00   5.3500000e+02   5.5000000e+02   2.8124091e+02   4.7540138e+01   2.8633837e+02   3.8062114e+01   2.9905967e+02   4.0767154e+01   2.9605380e+02   5.0734172e+01   2.8124091e+02   4.7540141e+01
   6.0000000e+00   3.0000000e+00   1.0380000e+03   1.7000000e+01   2.8109976e+02   4.6736152e+01   2.8734641e+02   3.7906178e+01   2.9941797e+02   4.1530513e+01   2.9482839e+02   5.0973146e+01   2.8109975e+02   4.6736155e+01
   6.0000000e+00   3.0000000e+00   1.0380000e+03   1.1060000e+03   2.8246642e+02   4.7499642e+01   2.8645482e+02   3.8885665e+01   2.9799882e+02   4.0974441e+01   2.9576147e+02   4.9926879e+01   2.8246642e+02   4.7499644e+01
   6.0000000e+00   4.0000000e+00   2.5000000e+01   1.7000000e+01   2.8283846e+02   4.9132565e+01   2.8436694e+02   3.9198547e+01   2.9729013e+02   3.9414250e+01   2.9817303e+02   4.9387851e+01   2.8283846e+02   4.9132568e+01
   6.0000000e+00   4.0000000e+00   2.5000000e+01   1.1060000e+03   2.8142301e+02   4.8373885e+01   2.8528981e+02   3.8235312e+01   2.9867032e+02   3.9978544e+01   2.9730484e+02   5.0452674e+01   2.8142300e+02   4.8373889e+01
   6.0000000e+00   4.0000000e+00   5.3500000e+02   5.5000000e+02   2.8267526e+02   4.8325534e+01   2.8540214e+02   3.9064270e+01   2.9761611e+02   4.0188887e+01   2.9698323e+02   4.9645075e+01   2.8267526e+02   4.8325537e+01
   6.0000000e+00   4.0000000e+00   1.0380000e+03   1.7000000e+01   2.8388741e+02   4.8253854e+01   2.8552904e+02   3.9867986e+01   2.9658976e+02   4.0395408e+01   2.9666357e+02   4.8862756e+01   2.8388741e+02   4.8253857e+01
   6.0000000e+00   4.0000000e+00   1.0380000e+03   1.1060000e+03   2.8248044e+02   4.7507274e+01   2.8644569e+02   3.8895529e+01   2.9798460e+02   4.0968733e+01   2.9577070e+02   4.9916268e+01   2.8248043e+02   4.7507276e+01
   7.0000000e+00   1.0000000e+00   2.5000000e+01   1.7000000e+01   2.8535348e+02   4.6875083e+01   2.8737153e+02   4.0820522e+01   2.9554481e+02   4.1898684e+01   2.9439913e+02   4.8072086e+01   2.8535348e+02   4.6875084e+01
   7.0000000e+00   1.0000000e+00   2.5000000e+01   1.1060000e+03   2.8638895e+02   4.5907561e+01   2.8868302e+02   4.1506985e+01   2.9473191e+02   4.2940697e+01   2.9286370e+02   4.7454970e+01   2.8638895e+02   4.5907562e+01
   7.0000000e+00   1.0000000e+00   5.3500000e+02   5.5000000e+02   2.8521141e+02   4.6066873e+01   2.8843340e+02   4.0694986e+01   2.9581458e+02   4.2687890e+01   2.9320998e+02   4.8255428e+01   2.8521141e+02   4.6066874e+01
   7.0000000e+00   1.0000000e+00   1.0380000e+03   1.7000000e+01   2.8405863e+02   4.6198360e+01   2.8821169e+02   3.9903261e+01   2.9686262e+02   4.2443826e+01   2.9353961e+02   4.9035161e+01   2.8405863e+02   4.6198361e+01
   7.0000000e+00   1.0000000e+00   1.0380000e+03   1.1060000e+03   2.8510377e+02   4.5241773e+01   2.8951465e+02   4.0580152e+01   2.9606523e+02   4.3495873e+01   2.9198471e+02   4.8406584e+01   2.8510377e+02   4.5241774e+01
   7.0000000e+00   2.0000000e+00   2.5000000e+01   1.7000000e+01   2.8739799e+02   4.4920729e+01   2.9003646e+02   4.2184419e+01   2.9388320e+02   4.3987525e+01   2.9134899e+02   4.6811821e+01   2.8739799e+02   4.4920729e+01
   7.0000000e+00   2.0000000e+00   2.5000000e+01   1.1060000e+03   2.8639923e+02   4.5897734e+01   2.8869642e+02   4.1513844e+01   2.9472356e+02   4.2951200e+01   2.9284837e+02   4.7448632e+01   2.8639922e+02   4.5897735e+01
   7.0000000e+00   2.0000000e+00   5.3500000e+02   5.5000000e+02   2.8626612e+02   4.5069442e+01   2.8979620e+02   4.1390288e+01   2.9496960e+02   4.3765241e+01   2.9163519e+02   4.7602345e+01   2.8626612e+02   4.5069442e+01
   7.0000000e+00   2.0000000e+00   1.0380000e+03   1.7000000e+01   2.8612415e+02   4.4266145e+01   2.9085755e+02   4.1248701e+01   2.9523116e+02   4.4552744e+01   2.9045322e+02   4.7750932e+01   2.8612415e+02   4.4266145e+01
   7.0000000e+00   2.0000000e+00   1.0380000e+03   1.1060000e+03   2.8511415e+02   4.5232058e+01   2.8952795e+02   4.0586918e+01   2.9605703e+02   4.3506476e+01   2.9196919e+02   4.8400126e+01   2.8511415e+02   4.5232059e+01
   7.0000000e+00   3.0000000e+00   2.5000000e+01   1.7000000e+01   2.8477235e+02   4.3539808e+01   2.9172265e+02   4.0225761e+01   2.9672504e+02   4.5147993e+01   2.8944353e+02   4.8762954e+01   2.8477235e+02   4.3539808e+01
   7.0000000e+00   3.0000000e+00   2.5000000e+01   1.1060000e+03   2.8375385e+02   4.4493687e+01   2.9040469e+02   3.9574656e+01   2.9753148e+02   4.4091295e+01   2.9097712e+02   4.9424618e+01   2.8375385e+02   4.4493688e+01
   7.0000000e+00   3.0000000e+00   5.3500000e+02   5.5000000e+02   2.8490315e+02   4.4348525e+01   2.9067494e+02   4.0382065e+01   2.9643095e+02   4.4361120e+01   2.9065714e+02   4.8617920e+01   2.8490315e+02   4.4348525e+01
   7.0000000e+00   3.0000000e+00   1.0380000e+03   1.7000000e+01   2.8601689e+02   4.4208103e+01   2.9092856e+02   4.1168576e+01   2.9534752e+02   4.4601769e+01   2.9037300e+02   4.7830741e+01   2.8601689e+02   4.4208103e+01
   7.0000000e+00   3.0000000e+00   1.0380000e+03   1.1060000e+03   2.8500732e+02   4.5173777e+01   2.8959898e+02   4.0508507e+01   2.9617072e+02   4.3554082e+01   2.9189129e+02   4.8480070e+01   2.8500732e+02   4.5173777e+01
   7.0000000e+00   4.0000000e+00   2.5000000e+01   1.7000000e+01   2.8269150e+02   4.5448080e+01   2.8909816e+02   3.8902637e+01   2.9831654e+02   4.3018087e+01   2.9256857e+02   5.0071310e+01   2.8269150e+02   4.5448082e+01
   7.0000000e+00   4.0000000e+00   2.5000000e+01   1.1060000e+03   2.8374339e+02   4.4503282e+01   2.9039150e+02   3.9568002e+01   2.9753948e+02   4.4080586e+01   2.9099283e+02   4.9431197e+01   2.8374339e+02   4.4503282e+01
   7.0000000e+00   4.0000000e+00   5.3500000e+02   5.5000000e+02   2.8383945e+02   4.5334076e+01   2.8932243e+02   3.9698073e+01   2.9725664e+02   4.3272571e+01   2.9225227e+02   4.9283310e+01   2.8383945e+02   4.5334077e+01
   7.0000000e+00   4.0000000e+00   1.0380000e+03   1.7000000e+01   2.8395239e+02   4.6139880e+01   2.8828256e+02   3.9826624e+01   2.9697357e+02   4.2490009e+01   2.9346428e+02   4.9115143e+01   2.8395239e+02   4.6139881e+01
   7.0000000e+00   4.0000000e+00   1.0380000e+03   1.1060000e+03   2.8499695e+02   4.5183490e+01   2.8958568e+02   4.0501759e+01   2.9617889e+02   4.3543465e+01   2.9190684e+02   4.8486529e+01   2.8499695e+02   4.5183490e+01
   8.0000000e+00   1.0000000e+00   2.5000000e+01   1.7000000e+01   2.8774985e+02   4.4558648e+01   2.9053700e+02   4.2422118e+01   2.9357369e+02   4.4367345e+01   2.9080592e+02   4.6577717e+01   2.8774985e+02   4.4558648e+01
   8.0000000e+00   1.0000000e+00   2.5000000e+01   1.1060000e+03   2.8870284e+02   4.3570014e+01   2.9191632e+02   4.3070348e+01   2.9269278e+02   4.5395186e+01   2.8935451e+02   4.5915339e+01   2.8870284e+02   4.3570014e+01
   8.0000000e+00   1.0000000e+00   5.3500000e+02   5.5000000e+02   2.8757894e+02   4.3753730e+01   2.9161817e+02   4.2266181e+01   2.9382953e+02   4.5160959e+01   2.8963946e+02   4.6725283e+01   2.8757894e+02   4.3753730e+01
   8.0000000e+00   1.0000000e+00   1.0380000e+03   1.7000000e+01   2.8647772e+02   4.3910052e+01   2.9135094e+02   4.1481421e+01   2.9492941e+02   4.4933964e+01   2.8990766e+02   4.7514037e+01   2.8647772e+02   4.3910052e+01
   8.0000000e+00   1.0000000e+00   1.0380000e+03   1.1060000e+03   2.8744105e+02   4.2931299e+01   2.9271884e+02   4.2119846e+01   2.9406472e+02   4.5972886e+01   2.8844128e+02   4.6840289e+01   2.8744105e+02   4.2931299e+01
   8.0000000e+00   2.0000000e+00   2.5000000e+01   1.7000000e+01   2.8963349e+02   4.2563315e+01   2.9333951e+02   4.3707501e+01   2.9177057e+02   4.6426573e+01   2.8792321e+02   4.5228493e+01   2.8963349e+02   4.2563314e+01
   8.0000000e+00   2.0000000e+00   2.5000000e+01   1.1060000e+03   2.8871230e+02   4.3559982e+01   2.9193041e+02   4.3076812e+01   2.9268371e+02   4.5405539e+01   2.8934002e+02   4.5908554e+01   2.8871230e+02   4.3559982e+01
   8.0000000e+00   2.0000000e+00   5.3500000e+02   5.5000000e+02   2.8855132e+02   4.2734753e+01   2.9305001e+02   4.2921042e+01   2.9291232e+02   4.6223644e+01   2.8815292e+02   4.6026663e+01   2.8855132e+02   4.2734753e+01
   8.0000000e+00   2.0000000e+00   1.0380000e+03   1.7000000e+01   2.8838339e+02   4.1934697e+01   2.9412848e+02   4.2747880e+01   2.9315785e+02   4.7015448e+01   2.8699742e+02   4.6141214e+01   2.8838339e+02   4.1934696e+01
   8.0000000e+00   2.0000000e+00   1.0380000e+03   1.1060000e+03   2.8745063e+02   4.2921368e+01   2.9273280e+02   4.2126215e+01   2.9405582e+02   4.5983351e+01   2.8842665e+02   4.6833386e+01   2.8745063e+02   4.2921367e+01
   8.0000000e+00   3.0000000e+00   2.5000000e+01   1.7000000e+01   2.8705278e+02   4.1237437e+01   2.9495733e+02   4.1699164e+01   2.9469992e+02   4.7635029e+01   2.8595741e+02   4.7124349e+01   2.8705278e+02   4.1237436e+01
   8.0000000e+00   3.0000000e+00   2.5000000e+01   1.1060000e+03   2.8611025e+02   4.2212750e+01   2.9357696e+02   4.1087899e+01   2.9557799e+02   4.6591597e+01   2.8739899e+02   4.7829074e+01   2.8611025e+02   4.2212749e+01
   8.0000000e+00   3.0000000e+00   5.3500000e+02   5.5000000e+02   2.8721056e+02   4.2042915e+01   2.9389484e+02   4.1886654e+01   2.9441923e+02   4.6843653e+01   2.8714153e+02   4.7013989e+01   2.8721056e+02   4.2042914e+01
   8.0000000e+00   3.0000000e+00   1.0380000e+03   1.7000000e+01   2.8827691e+02   4.1879457e+01   2.9419592e+02   4.2664973e+01   2.9327876e+02   4.7065846e+01   2.8691558e+02   4.6219435e+01   2.8827691e+02   4.1879456e+01
   8.0000000e+00   3.0000000e+00   1.0380000e+03   1.1060000e+03   2.8734399e+02   4.2865568e+01   2.9280104e+02   4.2044652e+01   2.9417451e+02   4.6032544e+01   2.8834629e+02   4.6912117e+01   2.8734398e+02   4.2865568e+01
   8.0000000e+00   4.0000000e+00   2.5000000e+01   1.7000000e+01   2.8512905e+02   4.3190240e+01   2.9220835e+02   4.0454623e+01   2.9643031e+02   4.5530738e+01   2.8889546e+02   4.8521534e+01   2.8512905e+02   4.3190240e+01
   8.0000000e+00   4.0000000e+00   2.5000000e+01   1.1060000e+03   2.8610058e+02   4.2222569e+01   2.9356314e+02   4.1081641e+01   2.9558668e+02   4.6581017e+01   2.8741376e+02   4.7836100e+01   2.8610058e+02   4.2222568e+01
   8.0000000e+00   4.0000000e+00   5.3500000e+02   5.5000000e+02   2.8622786e+02   4.3050817e+01   2.9247693e+02   4.1242889e+01   2.9531677e+02   4.5768787e+01   2.8864310e+02   4.7725131e+01   2.8622785e+02   4.3050817e+01
   8.0000000e+00   4.0000000e+00   1.0380000e+03   1.7000000e+01   2.8637103e+02   4.3853717e+01   2.9141979e+02   4.1401278e+01   2.9504580e+02   4.4981949e+01   2.8982900e+02   4.7593206e+01   2.8637103e+02   4.3853717e+01
   8.0000000e+00   4.0000000e+00   1.0380000e+03   1.1060000e+03   2.8733441e+02   4.2875495e+01   2.9278708e+02   4.2038297e+01   2.9418339e+02   4.6022066e+01   2.8836094e+02   4.6919026e+01   2.8733441e+02   4.2875495e+01
   9.0000000e+00   1.0000000e+00   2.5000000e+01   1.7000000e+01   2.8737733e+02   4.0824721e+01   2.9553979e+02   4.1903448e+01   2.9439173e+02   4.8068004e+01   2.8536024e+02   4.6870628e+01   2.8737733e+02   4.0824720e+01
   9.0000000e+00   1.0000000e+00   2.5000000e+01   1.1060000e+03   2.8869067e+02   4.1509434e+01   2.9472916e+02   4.2946579e+01   2.9285487e+02   4.7452585e+01   2.8639306e+02   4.5901802e+01   2.8869067e+02   4.1509433e+01
   9.0000000e+00   1.0000000e+00   5.3500000e+02   5.5000000e+02   2.8843905e+02   4.0697711e+01   2.9581143e+02   4.2692386e+01   2.9320310e+02   4.8252663e+01   2.8521605e+02   4.6062593e+01   2.8843905e+02   4.0697710e+01
   9.0000000e+00   1.0000000e+00   1.0380000e+03   1.7000000e+01   2.8821544e+02   3.9906226e+01   2.9685906e+02   4.2446978e+01   2.9353469e+02   4.9032036e+01   2.8406368e+02   4.6195530e+01   2.8821544e+02   3.9906224e+01
   9.0000000e+00   1.0000000e+00   1.0380000e+03   1.1060000e+03   2.8952015e+02   4.0581379e+01   2.9606403e+02   4.3500124e+01   2.9197825e+02   4.8405176e+01   2.8510629e+02   4.5237627e+01   2.8952015e+02   4.0581378e+01
   9.0000000e+00   2.0000000e+00   2.5000000e+01   1.7000000e+01   2.9004593e+02   4.2185057e+01   2.9388278e+02   4.3994563e+01   2.9133866e+02   4.6811111e+01   2.8739949e+02   4.4913706e+01   2.9004593e+02   4.2185057e+01
   9.0000000e+00   2.0000000e+00   2.5000000e+01   1.1060000e+03   2.8870408e+02   4.1516274e+01   2.9472083e+02   4.2957093e+01   2.9283952e+02   4.7446264e+01   2.8640331e+02   4.5891963e+01   2.8870408e+02   4.1516273e+01
   9.0000000e+00   2.0000000e+00   5.3500000e+02   5.5000000e+02   2.8980368e+02   4.1391192e+01   2.9496886e+02   4.3770894e+01   2.9162676e+02   4.7601321e+01   2.8626810e+02   4.5063836e+01   2.8980368e+02   4.1391192e+01
   9.0000000e+00   2.0000000e+00   1.0380000e+03   1.7000000e+01   2.9086477e+02   4.1248131e+01   2.9523240e+02   4.4558135e+01   2.9044515e+02   4.7751216e+01   2.8612416e+02   4.4260719e+01   2.9086477e+02   4.1248131e+01
   9.0000000e+00   2.0000000e+00   1.0380000e+03   1.1060000e+03   2.8953347e+02   4.0588126e+01   2.9605585e+02   4.3510738e+01   2.9196272e+02   4.8398735e+01   2.8511665e+02   4.5227898e+01   2.8953347e+02   4.0588126e+01
   9.0000000e+00   3.0000000e+00   2.5000000e+01   1.7000000e+01   2.9172793e+02   4.0226161e+01   2.9672486e+02   4.5152041e+01   2.8943754e+02   4.8762103e+01   2.8477383e+02   4.3535918e+01   2.9172793e+02   4.0226161e+01
   9.0000000e+00   3.0000000e+00   2.5000000e+01   1.1060000e+03   2.9041020e+02   3.9574841e+01   2.9753177e+02   4.4095538e+01   2.9097055e+02   4.9424071e+01   2.8375515e+02   4.4489490e+01   2.9041020e+02   3.9574841e+01
   9.0000000e+00   3.0000000e+00   5.3500000e+02   5.5000000e+02   2.9068029e+02   4.0382301e+01   2.9643105e+02   4.4365205e+01   2.9065096e+02   4.8617356e+01   2.8490434e+02   4.4344497e+01   2.9068030e+02   4.0382301e+01
   9.0000000e+00   3.0000000e+00   1.0380000e+03   1.7000000e+01   2.9093371e+02   4.1168867e+01   2.9534744e+02   4.4605654e+01   2.9036725e+02   4.7830159e+01   2.8601799e+02   4.4204285e+01   2.9093371e+02   4.1168867e+01
   9.0000000e+00   3.0000000e+00   1.0380000e+03   1.1060000e+03   2.8960426e+02   4.0508602e+01   2.9617106e+02   4.3558083e+01   2.9188514e+02   4.8479772e+01   2.8500825e+02   4.5169737e+01   2.8960426e+02   4.0508602e+01
   9.0000000e+00   4.0000000e+00   2.5000000e+01   1.7000000e+01   2.8910381e+02   3.8902721e+01   2.9831713e+02   4.3022459e+01   2.9256154e+02   5.0070975e+01   2.8269277e+02   4.5443653e+01   2.8910381e+02   3.8902719e+01
   9.0000000e+00   4.0000000e+00   2.5000000e+01   1.1060000e+03   2.9039701e+02   3.9568186e+01   2.9753977e+02   4.4084830e+01   2.9098626e+02   4.9430654e+01   2.8374469e+02   4.4499082e+01   2.9039701e+02   3.9568186e+01
   9.0000000e+00   4.0000000e+00   5.3500000e+02   5.5000000e+02   2.8932788e+02   3.9698095e+01   2.9725719e+02   4.3276738e+01   2.9224570e+02   4.9283062e+01   2.8384045e+02   4.5329848e+01   2.8932788e+02   3.9698094e+01
   9.0000000e+00   4.0000000e+00   1.0380000e+03   1.7000000e+01   2.8828796e+02   3.9826532e+01   2.9697431e+02   4.2494115e+01   2.9345772e+02   4.9115137e+01   2.8395315e+02   4.6135618e+01   2.8828796e+02   3.9826530e+01
   9.0000000e+00   4.0000000e+00   1.0380000e+03   1.1060000e+03   2.8959096e+02   4.0501852e+01   2.9617923e+02   4.3547466e+01   2.9190067e+02   4.8486234e+01   2.8499787e+02   4.5179448e+01   2.8959096e+02   4.0501851e+01
   1.0000000e+01   1.0000000e+00   2.5000000e+01   1.7000000e+01   2.8947937e+02   3.8475603e+01   2.9894382e+02   4.3265884e+01   2.9212817e+02   5.0508759e+01   2.8212375e+02   4.5114979e+01   2.8947937e+02   3.8475601e+01
   1.0000000e+01   1.0000000e+00   2.5000000e+01   1.1060000e+03   2.9076980e+02   3.9135351e+01   2.9817688e+02   4.4333581e+01   2.9054257e+02   4.9864093e+01   2.8317692e+02   4.4174259e+01   2.9076981e+02   3.9135350e+01
   1.0000000e+01   1.0000000e+00   5.3500000e+02   5.5000000e+02   2.9050126e+02   3.8328478e+01   2.9926786e+02   4.4045600e+01   2.9087138e+02   5.0670717e+01   2.8202749e+02   4.4303664e+01   2.9050126e+02   3.8328477e+01
   1.0000000e+01   1.0000000e+00   1.0380000e+03   1.7000000e+01   2.9026049e+02   3.7541358e+01   3.0032306e+02   4.3767024e+01   2.9118349e+02   5.1456236e+01   2.8090430e+02   4.4406612e+01   2.9026049e+02   3.7541357e+01
   1.0000000e+01   1.0000000e+00   1.0380000e+03   1.1060000e+03   2.9154223e+02   3.8192468e+01   2.9957512e+02   4.4844614e+01   2.8957798e+02   5.0798693e+01   2.8196408e+02   4.3476350e+01   2.9154224e+02   3.8192468e+01
   1.0000000e+01   2.0000000e+00   2.5000000e+01   1.7000000e+01   2.9209820e+02   3.9786546e+01   2.9737411e+02   4.5406944e+01   2.8898350e+02   4.9192037e+01   2.8420634e+02   4.3214161e+01   2.9209820e+02   3.9786546e+01
   1.0000000e+01   2.0000000e+00   2.5000000e+01   1.1060000e+03   2.9078297e+02   3.9141943e+01   2.9816899e+02   4.4344346e+01   2.9052676e+02   4.9857472e+01   2.8318738e+02   4.4164702e+01   2.9078297e+02   3.9141942e+01
   1.0000000e+01   2.0000000e+00   5.3500000e+02   5.5000000e+02   2.9184037e+02   3.8997075e+01   2.9847193e+02   4.5149692e+01   2.8924800e+02   4.9987940e+01   2.8310014e+02   4.3333499e+01   2.9184037e+02   3.8997075e+01
   1.0000000e+01   2.0000000e+00   1.0380000e+03   1.7000000e+01   2.9286017e+02   3.8835737e+01   2.9879077e+02   4.5927960e+01   2.8800217e+02   5.0112784e+01   2.8300176e+02   4.2527040e+01   2.9286017e+02   3.8835738e+01
   1.0000000e+01   2.0000000e+00   1.0380000e+03   1.1060000e+03   2.9155530e+02   3.8198976e+01   2.9956742e+02   4.4855479e+01   2.8956198e+02   5.0791937e+01   2.8197462e+02   4.3466899e+01   2.9155531e+02   3.8198976e+01
   1.0000000e+01   3.0000000e+00   2.5000000e+01   1.7000000e+01   2.9366494e+02   3.7799099e+01   3.0035715e+02   4.6473724e+01   2.8689311e+02   5.1101573e+01   2.8172536e+02   4.1767023e+01   2.9366494e+02   3.7799101e+01
   1.0000000e+01   3.0000000e+00   2.5000000e+01   1.1060000e+03   2.9237234e+02   3.7171097e+01   3.0111161e+02   4.5391603e+01   2.8846904e+02   5.1795586e+01   2.8069163e+02   4.2694633e+01   2.9237234e+02   3.7171097e+01
   1.0000000e+01   3.0000000e+00   5.3500000e+02   5.5000000e+02   2.9265728e+02   3.7973543e+01   3.0000425e+02   4.5697237e+01   2.8817405e+02   5.0982614e+01   2.8181370e+02   4.2578535e+01   2.9265728e+02   3.7973544e+01
   1.0000000e+01   3.0000000e+00   1.0380000e+03   1.7000000e+01   2.9292552e+02   3.8755444e+01   2.9891145e+02   4.5972675e+01   2.8791525e+02   5.0189836e+01   2.8290180e+02   4.2466968e+01   2.9292552e+02   3.8755445e+01
   1.0000000e+01   3.0000000e+00   1.0380000e+03   1.1060000e+03   2.9162152e+02   3.8119436e+01   2.9968641e+02   4.4899388e+01   2.8947638e+02   5.0870119e+01   2.8187418e+02   4.3405930e+01   2.9162152e+02   3.8119436e+01
   1.0000000e+01   4.0000000e+00   2.5000000e+01   1.7000000e+01   2.9108810e+02   3.6523277e+01   3.0184403e+02   4.4293421e+01   2.9011070e+02   5.2474020e+01   2.7961646e+02   4.3622316e+01   2.9108811e+02   3.6523277e+01
   1.0000000e+01   4.0000000e+00   2.5000000e+01   1.1060000e+03   2.9235938e+02   3.7164682e+01   3.0111908e+02   4.5380641e+01   2.8848522e+02   5.1802488e+01   2.8068103e+02   4.2703962e+01   2.9235939e+02   3.7164682e+01
   1.0000000e+01   4.0000000e+00   5.3500000e+02   5.5000000e+02   2.9132927e+02   3.7314301e+01   3.0077816e+02   4.4582691e+01   2.8981682e+02   5.1680193e+01   2.8073410e+02   4.3536648e+01   2.9132927e+02   3.7314300e+01
   1.0000000e+01   4.0000000e+00   1.0380000e+03   1.7000000e+01   2.9032744e+02   3.7462649e+01   3.0044026e+02   4.3810119e+01   2.9109951e+02   5.1535490e+01   2.8080351e+02   4.4344764e+01   2.9032744e+02   3.7462647e+01
   1.0000000e+01   4.0000000e+00   1.0380000e+03   1.1060000e+03   2.9160846e+02   3.8112936e+01   2.9969409e+02   4.4888515e+01   2.8949239e+02   5.0876886e+01   2.8186363e+02   4.3415372e+01   2.9160846e+02   3.8112936e+01
   1.1000000e+01   1.0000000e+00   2.5000000e+01   1.7000000e+01   2.8844255e+02   4.8956792e+01   2.8455306e+02   4.2872402e+01   2.9257300e+02   4.0006577e+01   2.9709282e+02   4.5784134e+01   2.8844255e+02   4.8956792e+01
   1.1000000e+01   1.0000000e+00   2.5000000e+01   1.1060000e+03   2.8695504e+02   4.8264723e+01   2.8552948e+02   4.1910102e+01   2.9392150e+02   4.0630121e+01   2.9625688e+02   4.6838959e+01   2.8695504e+02   4.8264724e+01
   1.1000000e+01   1.0000000e+00   5.3500000e+02   5.5000000e+02   2.8721552e+02   4.9080321e+01   2.8442730e+02   4.2063615e+01   2.9360956e+02   3.9831400e+01   2.9740664e+02   4.6568684e+01   2.8721552e+02   4.9080322e+01
   1.1000000e+01   1.0000000e+00   1.0380000e+03   1.7000000e+01   2.8745897e+02   4.9874336e+01   2.8334929e+02   4.2190961e+01   2.9332801e+02   3.9051594e+01   2.9851802e+02   4.6306323e+01   2.8745897e+02   4.9874337e+01
   1.1000000e+01   1.0000000e+00   1.0380000e+03   1.1060000e+03   2.8595681e+02   4.9169599e+01   2.8433322e+02   4.1238108e+01   2.9466547e+02   3.9666308e+01   2.9770244e+02   4.7372213e+01   2.8595681e+02   4.9169600e+01
   1.1000000e+01   2.0000000e+00   2.5000000e+01   1.7000000e+01   2.8549282e+02   4.7547211e+01   2.8648555e+02   4.0929564e+01   2.9530952e+02   4.1243204e+01   2.9537940e+02   4.7898326e+01   2.8549282e+02   4.7547213e+01
   1.1000000e+01   2.0000000e+00   2.5000000e+01   1.1060000e+03   2.8694021e+02   4.8257635e+01   2.8553920e+02   4.1900333e+01   2.9393526e+02   4.0636339e+01   2.9624827e+02   4.6849589e+01   2.8694021e+02   4.8257636e+01
   1.1000000e+01   2.0000000e+00   5.3500000e+02   5.5000000e+02   2.8569481e+02   4.8350014e+01   2.8542334e+02   4.1071358e+01   2.9500783e+02   4.0461785e+01   2.9653762e+02   4.7659624e+01   2.8569482e+02   4.8350015e+01
   1.1000000e+01   2.0000000e+00   1.0380000e+03   1.7000000e+01   2.8448281e+02   4.8438545e+01   2.8529825e+02   4.0267351e+01   2.9604054e+02   4.0271357e+01   2.9684458e+02   4.8442773e+01   2.8448281e+02   4.8438547e+01
   1.1000000e+01   2.0000000e+00   1.0380000e+03   1.1060000e+03   2.8594185e+02   4.9162378e+01   2.8434302e+02   4.1228436e+01   2.9467911e+02   3.9672441e+01   2.9769403e+02   4.7382955e+01   2.8594185e+02   4.9162380e+01
   1.1000000e+01   3.0000000e+00   2.5000000e+01   1.7000000e+01   2.8334481e+02   4.9397710e+01   2.8403309e+02   3.9534481e+01   2.9681097e+02   3.9209289e+01   2.9847352e+02   4.9012467e+01   2.8334481e+02   4.9397713e+01
   1.1000000e+01   3.0000000e+00   2.5000000e+01   1.1060000e+03   2.8481462e+02   5.0136110e+01   2.8307005e+02   4.0484338e+01   2.9546438e+02   3.8619042e+01   2.9929913e+02   4.7941592e+01   2.8481462e+02   5.0136113e+01
   1.1000000e+01   3.0000000e+00   5.3500000e+02   5.5000000e+02   2.8458853e+02   4.9315450e+01   2.8414916e+02   4.0343825e+01   2.9579204e+02   3.9412716e+01   2.9812883e+02   4.8230777e+01   2.8458853e+02   4.9315452e+01
   1.1000000e+01   3.0000000e+00   1.0380000e+03   1.7000000e+01   2.8439350e+02   4.8516001e+01   2.8519563e+02   4.0209323e+01   2.9610288e+02   4.0186281e+01   2.9697399e+02   4.8489052e+01   2.8439350e+02   4.8516003e+01
   1.1000000e+01   3.0000000e+00   1.0380000e+03   1.1060000e+03   2.8585345e+02   4.9241119e+01   2.8423953e+02   4.1169508e+01   2.9474263e+02   3.9587933e+01   2.9782180e+02   4.7428311e+01   2.8585345e+02   4.9241121e+01
   1.1000000e+01   4.0000000e+00   2.5000000e+01   1.7000000e+01   2.8634592e+02   5.0862139e+01   2.8206985e+02   4.1435761e+01   2.9412645e+02   3.8007861e+01   3.0009831e+02   4.6853913e+01   2.8634592e+02   5.0862140e+01
   1.1000000e+01   4.0000000e+00   2.5000000e+01   1.1060000e+03   2.8482970e+02   5.0143475e+01   2.8306018e+02   4.0493897e+01   2.9545088e+02   3.8613001e+01   2.9930729e+02   4.7930740e+01   2.8482970e+02   5.0143477e+01
   1.1000000e+01   4.0000000e+00   5.3500000e+02   5.5000000e+02   2.8612281e+02   5.0060369e+01   2.8314490e+02   4.1324974e+01   2.9440766e+02   3.8791652e+01   2.9897434e+02   4.7128091e+01   2.8612281e+02   5.0060371e+01
   1.1000000e+01   4.0000000e+00   1.0380000e+03   1.7000000e+01   2.8737176e+02   4.9954316e+01   2.8324505e+02   4.2131140e+01   2.9339257e+02   3.8967736e+01   2.9864406e+02   4.6350752e+01   2.8737177e+02   4.9954317e+01
   1.1000000e+01   4.0000000e+00   1.0380000e+03   1.1060000e+03   2.8586842e+02   4.9248352e+01   2.8422973e+02   4.1179171e+01   2.9472900e+02   3.9581806e+01   2.9783020e+02   4.7417560e+01   2.8586842e+02   4.9248354e+01
   1.2000000e+01   1.0000000e+00   2.5000000e+01   1.7000000e+01   2.9080166e+02   4.6581923e+01   2.8774434e+02   4.4555566e+01   2.9054100e+02   4.2418102e+01   2.9357971e+02   4.4370126e+01   2.9080166e+02   4.6581923e+01
   1.2000000e+01   1.0000000e+00   2.5000000e+01   1.1060000e+03   2.8935013e+02   4.5919500e+01   2.8869728e+02   4.3567015e+01   2.9192020e+02   4.3066217e+01   2.9269887e+02   4.5398055e+01   2.8935013e+02   4.5919500e+01
   1.2000000e+01   1.0000000e+00   5.3500000e+02   5.5000000e+02   2.8963516e+02   4.6729490e+01   2.8757347e+02   4.3750738e+01   2.9162194e+02   4.2262097e+01   2.9383570e+02   4.5163689e+01   2.8963516e+02   4.6729490e+01
   1.2000000e+01   1.0000000e+00   1.0380000e+03   1.7000000e+01   2.8990337e+02   4.7518293e+01   2.8647232e+02   4.3907038e+01   2.9135465e+02   4.1477376e+01   2.9493566e+02   4.4936589e+01   2.8990337e+02   4.7518292e+01
   1.2000000e+01   1.0000000e+00   1.0380000e+03   1.1060000e+03   2.8843679e+02   4.6844509e+01   2.8743559e+02   4.2928312e+01   2.9272251e+02   4.2115678e+01   2.9407108e+02   4.5975653e+01   2.8843679e+02   4.6844510e+01
   1.2000000e+01   2.0000000e+00   2.5000000e+01   1.7000000e+01   2.8791865e+02   4.5232684e+01   2.8962779e+02   4.2560353e+01   2.9334332e+02   4.3703177e+01   2.9177687e+02   4.6429577e+01   2.8791865e+02   4.5232684e+01
   1.2000000e+01   2.0000000e+00   2.5000000e+01   1.1060000e+03   2.8933564e+02   4.5912715e+01   2.8870675e+02   4.3556983e+01   2.9193429e+02   4.3072680e+01   2.9268981e+02   4.5408410e+01   2.8933564e+02   4.5912715e+01
   1.2000000e+01   2.0000000e+00   5.3500000e+02   5.5000000e+02   2.8814838e+02   4.6030824e+01   2.8854579e+02   4.2731769e+01   2.9305376e+02   4.2916838e+01   2.9291860e+02   4.6226543e+01   2.8814838e+02   4.6030824e+01
   1.2000000e+01   2.0000000e+00   1.0380000e+03   1.7000000e+01   2.8699274e+02   4.6145401e+01   2.8837785e+02   4.1931737e+01   2.9413210e+02   4.2743581e+01   2.9316434e+02   4.7018360e+01   2.8699273e+02   4.6145401e+01
   1.2000000e+01   2.0000000e+00   1.0380000e+03   1.1060000e+03   2.8842216e+02   4.6837606e+01   2.8744517e+02   4.2918380e+01   2.9273647e+02   4.2122045e+01   2.9406218e+02   4.5986120e+01   2.8842216e+02   4.6837606e+01
   1.2000000e+01   3.0000000e+00   2.5000000e+01   1.7000000e+01   2.8595310e+02   4.7127141e+01   2.8704927e+02   4.1234818e+01   2.9496047e+02   4.1696312e+01   2.9470451e+02   4.7637632e+01   2.8595310e+02   4.7127142e+01
   1.2000000e+01   3.0000000e+00   2.5000000e+01   1.1060000e+03   2.8739475e+02   4.7832129e+01   2.8610653e+02   4.2210055e+01   2.9358019e+02   4.1084934e+01   2.9558282e+02   4.6594113e+01   2.8739475e+02   4.7832130e+01
   1.2000000e+01   3.0000000e+00   5.3500000e+02   5.5000000e+02   2.8713752e+02   4.7016930e+01   2.8720686e+02   4.2040390e+01   2.9389791e+02   4.1883727e+01   2.9442387e+02   4.6846106e+01   2.8713752e+02   4.7016930e+01
   1.2000000e+01   3.0000000e+00   1.0380000e+03   1.7000000e+01   2.8691175e+02   4.6222270e+01   2.8827323e+02   4.1877072e+01   2.9419888e+02   4.2662076e+01   2.9328321e+02   4.7068259e+01   2.8691175e+02   4.6222271e+01
   1.2000000e+01   3.0000000e+00   1.0380000e+03   1.1060000e+03   2.8834247e+02   4.6915216e+01   2.8734006e+02   4.2863063e+01   2.9280414e+02   4.2041628e+01   2.9417923e+02   4.6034918e+01   2.8834247e+02   4.6915216e+01
   1.2000000e+01   4.0000000e+00   2.5000000e+01   1.7000000e+01   2.8889125e+02   4.8524919e+01   2.8512502e+02   4.3187423e+01   2.9221170e+02   4.0451479e+01   2.9643548e+02   4.5533195e+01   2.8889125e+02   4.8524919e+01
   1.2000000e+01   4.0000000e+00   2.5000000e+01   1.1060000e+03   2.8740952e+02   4.7839158e+01   2.8609686e+02   4.2219872e+01   2.9356637e+02   4.1078675e+01   2.9559152e+02   4.6583532e+01   2.8740952e+02   4.7839159e+01
   1.2000000e+01   4.0000000e+00   5.3500000e+02   5.5000000e+02   2.8863908e+02   4.7728340e+01   2.8622392e+02   4.3048149e+01   2.9248018e+02   4.1239840e+01   2.9532166e+02   4.5771214e+01   2.8863908e+02   4.7728340e+01
   1.2000000e+01   4.0000000e+00   1.0380000e+03   1.7000000e+01   2.8982522e+02   4.7596580e+01   2.8636685e+02   4.3851087e+01   2.9142304e+02   4.1398125e+01   2.9505078e+02   4.4984278e+01   2.8982522e+02   4.7596579e+01
   1.2000000e+01   4.0000000e+00   1.0380000e+03   1.1060000e+03   2.8835712e+02   4.6922127e+01   2.8733048e+02   4.2872988e+01   2.9279018e+02   4.2035273e+01   2.9418811e+02   4.6024440e+01   2.8835712e+02   4.6922127e+01
   1.3000000e+01   1.0000000e+00   2.5000000e+01   1.7000000e+01   2.9296586e+02   4.4160566e+01   2.9112312e+02   4.6148254e+01   2.8834261e+02   4.4792771e+01   2.9023533e+02   4.2850034e+01   2.9296586e+02   4.4160566e+01
   1.3000000e+01   1.0000000e+00   2.5000000e+01   1.1060000e+03   2.9155101e+02   4.3524279e+01   2.9204485e+02   4.5132992e+01   2.8975240e+02   4.5468585e+01   2.8931846e+02   4.3850796e+01   2.9155101e+02   4.3524279e+01
   1.3000000e+01   1.0000000e+00   5.3500000e+02   5.5000000e+02   2.9185394e+02   4.4328762e+01   2.9090154e+02   4.5349006e+01   2.8947275e+02   4.4658855e+01   2.9043854e+02   4.3650530e+01   2.9185394e+02   4.4328762e+01
   1.3000000e+01   1.0000000e+00   1.0380000e+03   1.7000000e+01   2.9214011e+02   4.5112432e+01   2.8977897e+02   4.5536361e+01   2.8922443e+02   4.3869076e+01   2.9152325e+02   4.3457008e+01   2.9214011e+02   4.5112431e+01
   1.3000000e+01   1.0000000e+00   1.0380000e+03   1.1060000e+03   2.9071035e+02   4.4465982e+01   2.9071437e+02   4.4531164e+01   2.9062294e+02   4.4533999e+01   2.9061901e+02   4.4468816e+01   2.9071035e+02   4.4465982e+01
   1.3000000e+01   2.0000000e+00   2.5000000e+01   1.7000000e+01   2.9015176e+02   4.2864774e+01   2.9294228e+02   4.4099870e+01   2.9121122e+02   4.6132643e+01   2.8836143e+02   4.4854346e+01   2.9015176e+02   4.2864774e+01
   1.3000000e+01   2.0000000e+00   2.5000000e+01   1.1060000e+03   2.9153687e+02   4.3517763e+01   2.9205400e+02   4.5122693e+01   2.8976682e+02   4.5475322e+01   2.8930904e+02   4.3860874e+01   2.9153687e+02   4.3517763e+01
   1.3000000e+01   2.0000000e+00   5.3500000e+02   5.5000000e+02   2.9040250e+02   4.3658131e+01   2.9184259e+02   4.4302835e+01   2.9093855e+02   4.5341172e+01   2.8948302e+02   4.4685019e+01   2.9040250e+02   4.3658131e+01
   1.3000000e+01   2.0000000e+00   1.0380000e+03   1.7000000e+01   2.8929834e+02   4.3795319e+01   2.9162686e+02   4.3508309e+01   2.9206796e+02   4.5187891e+01   2.8967339e+02   4.5483366e+01   2.8929834e+02   4.3795319e+01
   1.3000000e+01   2.0000000e+00   1.0380000e+03   1.1060000e+03   2.9069606e+02   4.4459358e+01   2.9072366e+02   4.4520967e+01   2.9063723e+02   4.4540631e+01   2.9060971e+02   4.4479005e+01   2.9069606e+02   4.4459358e+01
   1.3000000e+01   3.0000000e+00   2.5000000e+01   1.7000000e+01   2.8834211e+02   4.4798279e+01   2.9022784e+02   4.2849937e+01   2.9296554e+02   4.4155108e+01   2.9113104e+02   4.6148279e+01   2.8834211e+02   4.4798279e+01
   1.3000000e+01   3.0000000e+00   2.5000000e+01   1.1060000e+03   2.8975222e+02   4.5474062e+01   2.8931097e+02   4.3850693e+01   2.9155088e+02   4.3518964e+01   2.9205250e+02   4.5132910e+01   2.8975222e+02   4.5474062e+01
   1.3000000e+01   3.0000000e+00   5.3500000e+02   5.5000000e+02   2.8947239e+02   4.4664275e+01   2.9043106e+02   4.3650405e+01   2.9185388e+02   4.4323367e+01   2.9090923e+02   4.5349093e+01   2.8947239e+02   4.4664275e+01
   1.3000000e+01   3.0000000e+00   1.0380000e+03   1.7000000e+01   2.8922392e+02   4.3874436e+01   2.9151579e+02   4.3456875e+01   2.9214011e+02   4.5106962e+01   2.8978671e+02   4.5536602e+01   2.8922392e+02   4.3874436e+01
   1.3000000e+01   3.0000000e+00   1.0380000e+03   1.1060000e+03   2.9062279e+02   4.4539322e+01   2.9061156e+02   4.4468711e+01   2.9071048e+02   4.4460664e+01   2.9072184e+02   4.4531263e+01   2.9062279e+02   4.4539322e+01
   1.3000000e+01   4.0000000e+00   2.5000000e+01   1.7000000e+01   2.9121141e+02   4.6138049e+01   2.8835399e+02   4.4854261e+01   2.9015176e+02   4.2859640e+01   2.9294960e+02   4.4099661e+01   2.9121141e+02   4.6138049e+01
   1.3000000e+01   4.0000000e+00   2.5000000e+01   1.1060000e+03   2.8976665e+02   4.5480799e+01   2.8930156e+02   4.3860771e+01   2.9153673e+02   4.3512450e+01   2.9206164e+02   4.5122609e+01   2.8976665e+02   4.5480799e+01
   1.3000000e+01   4.0000000e+00   5.3500000e+02   5.5000000e+02   2.9093858e+02   4.5346558e+01   2.8947554e+02   4.4684930e+01   2.9040256e+02   4.3652886e+01   2.9185001e+02   4.4302772e+01   2.9093858e+02   4.5346558e+01
   1.3000000e+01   4.0000000e+00   1.0380000e+03   1.7000000e+01   2.9206818e+02   4.5193172e+01   2.8966594e+02   4.5483288e+01   2.8929859e+02   4.3790155e+01   2.9163406e+02   4.3508268e+01   2.9206818e+02   4.5193172e+01
   1.3000000e+01   4.0000000e+00   1.0380000e+03   1.1060000e+03   2.9063708e+02   4.4545954e+01   2.9060226e+02   4.4478900e+01   2.9069620e+02   4.4454042e+01   2.9073112e+02   4.4521064e+01   2.9063708e+02   4.4545954e+01
   1.4000000e+01   1.0000000e+00   2.5000000e+01   1.7000000e+01   2.9054137e+02   4.2428520e+01   2.9356493e+02   4.4370802e+01   2.9080118e+02   4.6571161e+01   2.8775922e+02   4.4555643e+01   2.9054137e+02   4.2428520e+01
   1.4000000e+01   1.0000000e+00   2.5000000e+01   1.1060000e+03   2.9192204e+02   4.3075620e+01   2.9268534e+02   4.5399421e+01   2.8934885e+02   4.5909826e+01   2.8871049e+02   4.3566120e+01   2.9192204e+02   4.3075620e+01
   1.4000000e+01   1.0000000e+00   5.3500000e+02   5.5000000e+02   2.9162246e+02   4.2271597e+01   2.9382199e+02   4.5164279e+01   2.8963512e+02   4.6719615e+01   2.8758689e+02   4.3750892e+01   2.9162246e+02   4.2271597e+01
   1.4000000e+01   1.0000000e+00   1.0380000e+03   1.7000000e+01   2.9135390e+02   4.1486949e+01   2.9492177e+02   4.4936425e+01   2.8990458e+02   4.7508231e+01   2.8648589e+02   4.3908220e+01   2.9135390e+02   4.1486949e+01
   1.4000000e+01   1.0000000e+00   1.0380000e+03   1.1060000e+03   2.9272316e+02   4.2124243e+01   2.9405850e+02   4.5976175e+01   2.8843712e+02   4.6835546e+01   2.8744757e+02   4.2928510e+01   2.9272316e+02   4.2124243e+01
   1.4000000e+01   2.0000000e+00   2.5000000e+01   1.7000000e+01   2.9334663e+02   4.3711522e+01   2.9176461e+02   4.6431657e+01   2.8791651e+02   4.5224083e+01   2.8963934e+02   4.2558507e+01   2.9334663e+02   4.3711522e+01
   1.4000000e+01   2.0000000e+00   2.5000000e+01   1.1060000e+03   2.9193615e+02   4.3082071e+01   2.9267629e+02   4.5409783e+01   2.8933435e+02   4.5903052e+01   2.8871994e+02   4.3556078e+01   2.9193614e+02   4.3082071e+01
   1.4000000e+01   2.0000000e+00   5.3500000e+02   5.5000000e+02   2.9305574e+02   4.2925277e+01   2.9290621e+02   4.6227852e+01   2.8814745e+02   4.6022064e+01   2.8855755e+02   4.2730931e+01   2.9305574e+02   4.2925277e+01
   1.4000000e+01   2.0000000e+00   1.0380000e+03   1.7000000e+01   2.9413416e+02   4.2751095e+01   2.9315309e+02   4.7019595e+01   2.8699214e+02   4.6137521e+01   2.8838826e+02   4.1930970e+01   2.9413416e+02   4.2751095e+01
   1.4000000e+01   2.0000000e+00   1.0380000e+03   1.1060000e+03   2.9273714e+02   4.2130599e+01   2.9404961e+02   4.5986649e+01   2.8842248e+02   4.6828653e+01   2.8745714e+02   4.2918568e+01   2.9273714e+02   4.2130600e+01
   1.4000000e+01   3.0000000e+00   2.5000000e+01   1.7000000e+01   2.9496252e+02   4.1701759e+01   2.9469608e+02   4.7638913e+01   2.8595257e+02   4.7121140e+01   2.8705697e+02   4.1234096e+01   2.9496252e+02   4.1701760e+01
   1.4000000e+01   3.0000000e+00   2.5000000e+01   1.1060000e+03   2.9358201e+02   4.1090332e+01   2.9557462e+02   4.6595474e+01   2.8739389e+02   4.7826098e+01   2.8611433e+02   4.2209370e+01   2.9358201e+02   4.1090333e+01
   1.4000000e+01   3.0000000e+00   5.3500000e+02   5.5000000e+02   2.9389993e+02   4.1889224e+01   2.9441554e+02   4.6847475e+01   2.8713660e+02   4.7010919e+01   2.8721469e+02   4.2039546e+01   2.9389993e+02   4.1889224e+01
   1.4000000e+01   3.0000000e+00   1.0380000e+03   1.7000000e+01   2.9420100e+02   4.2667680e+01   2.9327475e+02   4.7069567e+01   2.8691086e+02   4.6216273e+01   2.8828108e+02   4.1876138e+01   2.9420100e+02   4.2667681e+01
   1.4000000e+01   3.0000000e+00   1.0380000e+03   1.1060000e+03   2.9280587e+02   4.2047215e+01   2.9417093e+02   4.6036189e+01   2.8834144e+02   4.6909171e+01   2.8734806e+02   4.2862289e+01   2.9280587e+02   4.2047215e+01
   1.4000000e+01   4.0000000e+00   2.5000000e+01   1.7000000e+01   2.9221318e+02   4.0456987e+01   2.9642725e+02   4.5534541e+01   2.8889021e+02   4.8518703e+01   2.8513315e+02   4.3186894e+01   2.9221318e+02   4.0456988e+01
   1.4000000e+01   4.0000000e+00   2.5000000e+01   1.1060000e+03   2.9356819e+02   4.1084072e+01   2.9558332e+02   4.6584893e+01   2.8740866e+02   4.7833126e+01   2.8610466e+02   4.2219190e+01   2.9356819e+02   4.1084073e+01
   1.4000000e+01   4.0000000e+00   5.3500000e+02   5.5000000e+02   2.9248174e+02   4.1245295e+01   2.9531353e+02   4.5772494e+01   2.8863807e+02   4.7722303e+01   2.8623186e+02   4.3047517e+01   2.9248174e+02   4.1245295e+01
   1.4000000e+01   4.0000000e+00   1.0380000e+03   1.7000000e+01   2.9142438e+02   4.1403694e+01   2.9504263e+02   4.4985504e+01   2.8982403e+02   4.7590478e+01   2.8637501e+02   4.3850484e+01   2.9142438e+02   4.1403694e+01
   1.4000000e+01   4.0000000e+00   1.0380000e+03   1.1060000e+03   2.9279191e+02   4.2040858e+01   2.9417982e+02   4.6025709e+01   2.8835608e+02   4.6916082e+01   2.8733848e+02   4.2872217e+01   2.9279191e+02   4.2040859e+01
   1.5000000e+01   1.0000000e+00   2.5000000e+01   1.7000000e+01   2.9257510e+02   4.0009843e+01   2.9708775e+02   4.5785839e+01   2.8844076e+02   4.8952713e+01   2.8455821e+02   4.2871269e+01   2.9257510e+02   4.0009844e+01
   1.5000000e+01   1.0000000e+00   2.5000000e+01   1.1060000e+03   2.9392347e+02   4.0633971e+01   2.9625086e+02   4.6840400e+01   2.8695396e+02   4.8260146e+01   2.8553525e+02   4.1909231e+01   2.9392347e+02   4.0633972e+01
   1.5000000e+01   1.0000000e+00   5.3500000e+02   5.5000000e+02   2.9361195e+02   3.9835017e+01   2.9740097e+02   4.6570556e+01   2.8721377e+02   4.9075819e+01   2.8443293e+02   4.2062401e+01   2.9361196e+02   3.9835018e+01
   1.5000000e+01   1.0000000e+00   1.0380000e+03   1.7000000e+01   2.9333083e+02   3.9054993e+01   2.9851269e+02   4.6308614e+01   2.8745655e+02   4.9869905e+01   2.8335480e+02   4.2189405e+01   2.9333083e+02   3.9054994e+01
   1.5000000e+01   1.0000000e+00   1.0380000e+03   1.1060000e+03   2.9466819e+02   3.9670282e+01   2.9769612e+02   4.7374261e+01   2.8595513e+02   4.9164666e+01   2.8433932e+02   4.1236807e+01   2.9466820e+02   3.9670284e+01
   1.5000000e+01   2.0000000e+00   2.5000000e+01   1.7000000e+01   2.9531138e+02   4.1247640e+01   2.9537240e+02   4.7899491e+01   2.8549245e+02   4.7542153e+01   2.8649193e+02   4.0928942e+01   2.9531138e+02   4.1247642e+01
   1.5000000e+01   2.0000000e+00   2.5000000e+01   1.1060000e+03   2.9393723e+02   4.0640195e+01   2.9624224e+02   4.6851027e+01   2.8693914e+02   4.8253052e+01   2.8554497e+02   4.1899465e+01   2.9393723e+02   4.0640196e+01
   1.5000000e+01   2.0000000e+00   5.3500000e+02   5.5000000e+02   2.9501013e+02   4.0466005e+01   2.9653093e+02   4.7661234e+01   2.8569381e+02   4.8345002e+01   2.8542959e+02   4.1070399e+01   2.9501013e+02   4.0466006e+01
   1.5000000e+01   2.0000000e+00   1.0380000e+03   1.7000000e+01   2.9604318e+02   4.0275919e+01   2.9683723e+02   4.8444562e+01   2.8448188e+02   4.8433119e+01   2.8530495e+02   4.0266299e+01   2.9604318e+02   4.0275921e+01
   1.5000000e+01   2.0000000e+00   1.0380000e+03   1.1060000e+03   2.9468183e+02   3.9676421e+01   2.9768770e+02   4.7385001e+01   2.8594018e+02   4.9157441e+01   2.8434912e+02   4.1227138e+01   2.9468183e+02   3.9676423e+01
   1.5000000e+01   3.0000000e+00   2.5000000e+01   1.7000000e+01   2.9681420e+02   3.9214505e+01   2.9846501e+02   4.9014778e+01   2.8334367e+02   4.9391383e+01   2.8404079e+02   3.9533224e+01   2.9681420e+02   3.9214509e+01
   1.5000000e+01   3.0000000e+00   2.5000000e+01   1.1060000e+03   2.9546743e+02   3.8624124e+01   2.9929102e+02   4.7944004e+01   2.8481304e+02   5.0129852e+01   2.8307772e+02   4.0483074e+01   2.9546743e+02   3.8624127e+01
   1.5000000e+01   3.0000000e+00   5.3500000e+02   5.5000000e+02   2.9579516e+02   3.9417915e+01   2.9812052e+02   4.8233095e+01   2.8458706e+02   4.9309199e+01   2.8415688e+02   4.0342513e+01   2.9579516e+02   3.9417917e+01
   1.5000000e+01   3.0000000e+00   1.0380000e+03   1.7000000e+01   2.9610602e+02   4.0191599e+01   2.9696549e+02   4.8491232e+01   2.8439219e+02   4.8509759e+01   2.8520337e+02   4.0208006e+01   2.9610602e+02   4.0191602e+01
   1.5000000e+01   3.0000000e+00   1.0380000e+03   1.1060000e+03   2.9474549e+02   3.9593138e+01   2.9781366e+02   4.7430525e+01   2.8585183e+02   4.9234937e+01   2.8424728e+02   4.1168260e+01   2.9474550e+02   3.9593140e+01
   1.5000000e+01   4.0000000e+00   2.5000000e+01   1.7000000e+01   2.9412926e+02   3.8012909e+01   3.0009043e+02   4.6856366e+01   2.8634399e+02   5.0855862e+01   2.8207763e+02   4.1434567e+01   2.9412927e+02   3.8012910e+01
   1.5000000e+01   4.0000000e+00   2.5000000e+01   1.1060000e+03   2.9545393e+02   3.8618082e+01   2.9929919e+02   4.7933151e+01   2.8482812e+02   5.0137216e+01   2.8306786e+02   4.0492634e+01   2.9545393e+02   3.8618085e+01
   1.5000000e+01   4.0000000e+00   5.3500000e+02   5.5000000e+02   2.9441047e+02   3.8796720e+01   2.9896641e+02   4.7130407e+01   2.8612105e+02   5.0054198e+01   2.8315259e+02   4.1323762e+01   2.9441047e+02   3.8796722e+01
   1.5000000e+01   4.0000000e+00   1.0380000e+03   1.7000000e+01   2.9339517e+02   3.8972827e+01   2.9863626e+02   4.6352990e+01   2.8736982e+02   4.9948194e+01   2.8325280e+02   4.2129967e+01   2.9339517e+02   3.8972828e+01
   1.5000000e+01   4.0000000e+00   1.0380000e+03   1.1060000e+03   2.9473187e+02   3.9587009e+01   2.9782206e+02   4.7419774e+01   2.8586680e+02   4.9242170e+01   2.8423747e+02   4.1177923e+01   2.9473187e+02   3.9587011e+01
   1.6000000e+01   1.0000000e+00   2.5000000e+01   1.7000000e+01   2.9213041e+02   5.0517984e+01   2.8211123e+02   4.5115222e+01   2.8947812e+02   3.8467338e+01   2.9895558e+02   4.3263853e+01   2.9213041e+02   5.0517982e+01
   1.6000000e+01   1.0000000e+00   2.5000000e+01   1.1060000e+03   2.9054550e+02   4.9872475e+01   2.8316564e+02   4.4175436e+01   2.9076732e+02   3.9127866e+01   2.9818764e+02   4.4330952e+01   2.9054550e+02   4.9872475e+01
   1.6000000e+01   1.0000000e+00   5.3500000e+02   5.5000000e+02   2.9087329e+02   5.0679242e+01   2.8201616e+02   4.4303989e+01   2.9049979e+02   3.8320972e+01   2.9927874e+02   4.4043592e+01   2.9087330e+02   5.0679240e+01
   1.6000000e+01   1.0000000e+00   1.0380000e+03   1.7000000e+01   2.9118434e+02   5.1464892e+01   2.8089297e+02   4.4406088e+01   2.9026000e+02   3.7533851e+01   3.0033406e+02   4.3765640e+01   2.9118434e+02   5.1464891e+01
   1.6000000e+01   1.0000000e+00   1.0380000e+03   1.1060000e+03   2.8957954e+02   5.0806508e+01   2.8195392e+02   4.3476727e+01   2.9154061e+02   3.8185727e+01   2.9958511e+02   4.4842672e+01   2.8957954e+02   5.0806507e+01
   1.6000000e+01   2.0000000e+00   2.5000000e+01   1.7000000e+01   2.8898713e+02   4.9199634e+01   2.8419626e+02   4.3216215e+01   2.9209452e+02   3.9779831e+01   2.9738393e+02   4.5403734e+01   2.8898713e+02   4.9199634e+01
   1.6000000e+01   2.0000000e+00   2.5000000e+01   1.1060000e+03   2.9052970e+02   4.9865846e+01   2.8317612e+02   4.4165887e+01   2.9078047e+02   3.9134465e+01   2.9817974e+02   4.4341711e+01   2.9052970e+02   4.9865845e+01
   1.6000000e+01   2.0000000e+00   5.3500000e+02   5.5000000e+02   2.8925061e+02   4.9995602e+01   2.8309006e+02   4.3334723e+01   2.9183772e+02   3.8990385e+01   2.9848177e+02   4.5147118e+01   2.8925061e+02   4.9995602e+01
   1.6000000e+01   2.0000000e+00   1.0380000e+03   1.7000000e+01   2.8800449e+02   5.0119770e+01   2.8299277e+02   4.2528296e+01   2.9285740e+02   3.8829796e+01   2.9879971e+02   4.5925449e+01   2.8800449e+02   5.0119770e+01
   1.6000000e+01   2.0000000e+00   1.0380000e+03   1.1060000e+03   2.8956355e+02   5.0799743e+01   2.8196447e+02   4.3467285e+01   2.9155366e+02   3.8192244e+01   2.9957740e+02   4.4853531e+01   2.8956356e+02   5.0799742e+01
   1.6000000e+01   3.0000000e+00   2.5000000e+01   1.7000000e+01   2.8689453e+02   5.1107719e+01   2.8171775e+02   4.1767800e+01   2.9366273e+02   3.7794167e+01   3.0036486e+02   4.6471676e+01   2.8689453e+02   5.1107720e+01
   1.6000000e+01   3.0000000e+00   2.5000000e+01   1.1060000e+03   2.8846983e+02   5.1802573e+01   2.8068288e+02   4.2694658e+01   2.9237105e+02   3.7165359e+01   3.0112040e+02   4.5389991e+01   2.8846983e+02   5.1802573e+01
   1.6000000e+01   3.0000000e+00   5.3500000e+02   5.5000000e+02   2.8817590e+02   5.0989429e+01   2.8180504e+02   4.2579374e+01   2.9265502e+02   3.7967888e+01   3.0001282e+02   4.5695007e+01   2.8817591e+02   5.0989430e+01
   1.6000000e+01   3.0000000e+00   1.0380000e+03   1.7000000e+01   2.8791808e+02   5.0196498e+01   2.8289325e+02   4.2468577e+01   2.9292233e+02   3.8749864e+01   2.9891985e+02   4.5969861e+01   2.8791808e+02   5.0196498e+01
   1.6000000e+01   3.0000000e+00   1.0380000e+03   1.1060000e+03   2.8947860e+02   5.0877621e+01   2.8186441e+02   4.3406754e+01   2.9161935e+02   3.8113033e+01   2.9969587e+02   4.4897052e+01   2.8947860e+02   5.0877621e+01
   1.6000000e+01   4.0000000e+00   2.5000000e+01   1.7000000e+01   2.9011085e+02   5.2481925e+01   2.7960649e+02   4.3621515e+01   2.9108781e+02   3.6516697e+01   3.0185397e+02   4.4292265e+01   2.9011085e+02   5.2481923e+01
   1.6000000e+01   4.0000000e+00   2.5000000e+01   1.1060000e+03   2.8848600e+02   5.1809484e+01   2.8067227e+02   4.2703978e+01   2.9235811e+02   3.7158935e+01   3.0112788e+02   4.5379033e+01   2.8848600e+02   5.1809484e+01
   1.6000000e+01   4.0000000e+00   5.3500000e+02   5.5000000e+02   2.8981800e+02   5.1687882e+01   2.8072423e+02   4.3536647e+01   2.9132807e+02   3.7307819e+01   3.0078784e+02   4.4580961e+01   2.8981801e+02   5.1687881e+01
   1.6000000e+01   4.0000000e+00   1.0380000e+03   1.7000000e+01   2.9110114e+02   5.1543861e+01   2.8079251e+02   4.4344764e+01   2.9032631e+02   3.7455435e+01   3.0045079e+02   4.3808258e+01   2.9110115e+02   5.1543860e+01
   1.6000000e+01   4.0000000e+00   1.0380000e+03   1.1060000e+03   2.8949460e+02   5.0884397e+01   2.8185385e+02   4.3416188e+01   2.9160630e+02   3.8106525e+01   2.9970357e+02   4.4886184e+01   2.8949460e+02   5.0884396e+01
   1.7000000e+01   1.0000000e+00   2.5000000e+01   1.7000000e+01   2.9439552e+02   4.8076232e+01   2.8534831e+02   4.6872036e+01   2.8737544e+02   4.0816923e+01   2.9555040e+02   4.1901055e+01   2.9439552e+02   4.8076231e+01
   1.7000000e+01   1.0000000e+00   2.5000000e+01   1.1060000e+03   2.9285936e+02   4.7459659e+01   2.8638293e+02   4.5904153e+01   2.8868741e+02   4.1502714e+01   2.9473839e+02   4.2943532e+01   2.9285936e+02   4.7459658e+01
   1.7000000e+01   1.0000000e+00   5.3500000e+02   5.5000000e+02   2.9320639e+02   4.8260039e+01   2.8520560e+02   4.6063921e+01   2.8843709e+02   4.0690855e+01   2.9582094e+02   4.2690145e+01   2.9320639e+02   4.8260038e+01
   1.7000000e+01   1.0000000e+00   1.0380000e+03   1.7000000e+01   2.9353675e+02   4.9039701e+01   2.8405300e+02   4.6195841e+01   2.8821471e+02   3.9899256e+01   2.9686885e+02   4.2445534e+01   2.9353675e+02   4.9039699e+01
   1.7000000e+01   1.0000000e+00   1.0380000e+03   1.1060000e+03   2.9198104e+02   4.8411677e+01   2.8509732e+02   4.5238867e+01   2.8951815e+02   4.0575477e+01   2.9607239e+02   4.3498058e+01   2.9198104e+02   4.8411676e+01
   1.7000000e+01   2.0000000e+00   2.5000000e+01   1.7000000e+01   2.9134388e+02   4.6817076e+01   2.8739109e+02   4.4916953e+01   2.9004134e+02   4.2179422e+01   2.9389064e+02   4.3990858e+01   2.9134388e+02   4.6817076e+01
   1.7000000e+01   2.0000000e+00   2.5000000e+01   1.1060000e+03   2.9284402e+02   4.7453327e+01   2.8639320e+02   4.5894323e+01   2.8870082e+02   4.1509565e+01   2.9473005e+02   4.2954040e+01   2.9284402e+02   4.7453326e+01
   1.7000000e+01   2.0000000e+00   5.3500000e+02   5.5000000e+02   2.9163077e+02   4.7607512e+01   2.8625946e+02   4.5066090e+01   2.8980039e+02   4.1385459e+01   2.9497691e+02   4.3768010e+01   2.9163078e+02   4.7607512e+01
   1.7000000e+01   2.0000000e+00   1.0380000e+03   1.7000000e+01   2.9044873e+02   4.7756569e+01   2.8611688e+02   4.4262865e+01   2.9086150e+02   4.1243331e+01   2.9523930e+02   4.4555423e+01   2.9044873e+02   4.7756569e+01
   1.7000000e+01   2.0000000e+00   1.0380000e+03   1.1060000e+03   2.9196551e+02   4.8405224e+01   2.8510769e+02   4.5229148e+01   2.8953146e+02   4.0582235e+01   2.9606420e+02   4.3508666e+01   2.9196551e+02   4.8405223e+01
   1.7000000e+01   3.0000000e+00   2.5000000e+01   1.7000000e+01   2.8943974e+02   4.8767547e+01   2.8476669e+02   4.3537150e+01   2.9172566e+02   4.0221471e+01   2.9673183e+02   4.5150065e+01   2.8943974e+02   4.8767547e+01
   1.7000000e+01   3.0000000e+00   2.5000000e+01   1.1060000e+03   2.9097307e+02   4.9429798e+01   2.8374751e+02   4.4490628e+01   2.9040817e+02   3.9569922e+01   2.9753894e+02   4.4093506e+01   2.9097307e+02   4.9429797e+01
   1.7000000e+01   3.0000000e+00   5.3500000e+02   5.5000000e+02   2.9065365e+02   4.8622916e+01   2.8489687e+02   4.4345903e+01   2.9067796e+02   4.0377426e+01   2.9643813e+02   4.4363065e+01   2.9065365e+02   4.8622916e+01
   1.7000000e+01   3.0000000e+00   1.0380000e+03   1.7000000e+01   2.9037007e+02   4.7835564e+01   2.8601069e+02   4.4205913e+01   2.9093111e+02   4.1164029e+01   2.9535444e+02   4.4603440e+01   2.9037007e+02   4.7835563e+01
   1.7000000e+01   3.0000000e+00   1.0380000e+03   1.1060000e+03   2.9188817e+02   4.8485468e+01   2.8500041e+02   4.5171212e+01   2.8960199e+02   4.0503517e+01   2.9617829e+02   4.3555877e+01   2.9188817e+02   4.8485467e+01
   1.7000000e+01   4.0000000e+00   2.5000000e+01   1.7000000e+01   2.9256432e+02   5.0077068e+01   2.8268449e+02   4.5444621e+01   2.8910209e+02   3.8897489e+01   2.9832462e+02   4.3020417e+01   2.9256432e+02   5.0077066e+01
   1.7000000e+01   4.0000000e+00   2.5000000e+01   1.1060000e+03   2.9098878e+02   4.9436383e+01   2.8373704e+02   4.4500219e+01   2.9039498e+02   3.9563264e+01   2.9754695e+02   4.4082798e+01   2.9098878e+02   4.9436382e+01
   1.7000000e+01   4.0000000e+00   5.3500000e+02   5.5000000e+02   2.9224860e+02   4.9288912e+01   2.8383245e+02   4.5331063e+01   2.8932591e+02   3.9692980e+01   2.9726450e+02   4.3274631e+01   2.9224860e+02   4.9288911e+01
   1.7000000e+01   4.0000000e+00   1.0380000e+03   1.7000000e+01   2.9346100e+02   4.9121128e+01   2.8394475e+02   4.6136923e+01   2.8828603e+02   3.9821197e+01   2.9698178e+02   4.2491919e+01   2.9346100e+02   4.9121126e+01
   1.7000000e+01   4.0000000e+00   1.0380000e+03   1.1060000e+03   2.9190371e+02   4.8491933e+01   2.8499003e+02   4.5180921e+01   2.8958869e+02   4.0496764e+01   2.9618647e+02   4.3545260e+01   2.9190371e+02   4.8491932e+01
   1.8000000e+01   1.0000000e+00   2.5000000e+01   1.7000000e+01   2.9357612e+02   4.4373771e+01   2.9079647e+02   4.6579067e+01   2.8774855e+02   4.4552111e+01   2.9054580e+02   4.2420804e+01   2.9357612e+02   4.4373771e+01
   1.8000000e+01   1.0000000e+00   2.5000000e+01   1.1060000e+03   2.9269422e+02   4.5401266e+01   2.8934582e+02   4.5915990e+01   2.8870217e+02   4.3564049e+01   2.9192455e+02   4.3069518e+01   2.9269422e+02   4.5401266e+01
   1.8000000e+01   1.0000000e+00   5.3500000e+02   5.5000000e+02   2.9383134e+02   4.5167474e+01   2.8962996e+02   4.6726046e+01   2.8757837e+02   4.3747267e+01   2.9162694e+02   4.2265275e+01   2.9383134e+02   4.5167474e+01
   1.8000000e+01   1.0000000e+00   1.0380000e+03   1.7000000e+01   2.9493160e+02   4.4940920e+01   2.8989730e+02   4.7514912e+01   2.8647726e+02   4.3903085e+01   2.9136026e+02   4.1480443e+01   2.9493160e+02   4.4940920e+01
   1.8000000e+01   1.0000000e+00   1.0380000e+03   1.1060000e+03   2.9406591e+02   4.5979546e+01   2.8843167e+02   4.6840462e+01   2.8744118e+02   4.2924863e+01   2.9272767e+02   4.2119345e+01   2.9406591e+02   4.5979545e+01
   1.8000000e+01   2.0000000e+00   2.5000000e+01   1.7000000e+01   2.9177109e+02   4.6432316e+01   2.8791526e+02   4.5228519e+01   2.8963338e+02   4.2557887e+01   2.9334721e+02   4.3707109e+01   2.9177109e+02   4.6432316e+01
   1.8000000e+01   2.0000000e+00   2.5000000e+01   1.1060000e+03   2.9268515e+02   4.5411616e+01   2.8933134e+02   4.5909198e+01   2.8871164e+02   4.3554022e+01   2.9193864e+02   4.3075986e+01   2.9268515e+02   4.5411616e+01
   1.8000000e+01   2.0000000e+00   5.3500000e+02   5.5000000e+02   2.9291310e+02   4.6229854e+01   2.8814415e+02   4.6026714e+01   2.8855138e+02   4.2728820e+01   2.9305828e+02   4.2920638e+01   2.9291310e+02   4.6229854e+01
   1.8000000e+01   2.0000000e+00   1.0380000e+03   1.7000000e+01   2.9315801e+02   4.7021788e+01   2.8698859e+02   4.6140707e+01   2.8838410e+02   4.1928792e+01   2.9413682e+02   4.2747863e+01   2.9315801e+02   4.7021787e+01
   1.8000000e+01   2.0000000e+00   1.0380000e+03   1.1060000e+03   2.9405700e+02   4.5990008e+01   2.8841705e+02   4.6833552e+01   2.8745077e+02   4.2914936e+01   2.9274163e+02   4.2125719e+01   2.9405700e+02   4.5990008e+01
   1.8000000e+01   3.0000000e+00   2.5000000e+01   1.7000000e+01   2.9470319e+02   4.7641671e+01   2.8594775e+02   4.7125608e+01   2.8705125e+02   4.1231169e+01   2.9496587e+02   4.1697208e+01   2.9470319e+02   4.7641670e+01
   1.8000000e+01   3.0000000e+00   2.5000000e+01   1.1060000e+03   2.9558178e+02   4.6598225e+01   2.8738905e+02   4.7830724e+01   2.8610852e+02   4.2206260e+01   2.9358561e+02   4.1085772e+01   2.9558177e+02   4.6598224e+01
   1.8000000e+01   3.0000000e+00   5.3500000e+02   5.5000000e+02   2.9442266e+02   4.6850161e+01   2.8713201e+02   4.7015536e+01   2.8720874e+02   4.2036642e+01   2.9390334e+02   4.1884595e+01   2.9442266e+02   4.6850160e+01
   1.8000000e+01   3.0000000e+00   1.0380000e+03   1.7000000e+01   2.9328184e+02   4.7072229e+01   2.8690645e+02   4.6220888e+01   2.8827500e+02   4.1873397e+01   2.9420428e+02   4.2662976e+01   2.9328184e+02   4.7072228e+01
   1.8000000e+01   3.0000000e+00   1.0380000e+03   1.1060000e+03   2.9417811e+02   4.6038915e+01   2.8833692e+02   4.6913953e+01   2.8734186e+02   4.2859291e+01   2.9280950e+02   4.2042486e+01   2.9417811e+02   4.6038914e+01
   1.8000000e+01   4.0000000e+00   2.5000000e+01   1.7000000e+01   2.9643460e+02   4.5537336e+01   2.8888527e+02   4.8523589e+01   2.8512711e+02   4.3183531e+01   2.9221709e+02   4.0452324e+01   2.9643460e+02   4.5537336e+01
   1.8000000e+01   4.0000000e+00   2.5000000e+01   1.1060000e+03   2.9559048e+02   4.6587644e+01   2.8740382e+02   4.7837754e+01   2.8609885e+02   4.2216077e+01   2.9357179e+02   4.1079512e+01   2.9559048e+02   4.6587643e+01
   1.8000000e+01   4.0000000e+00   5.3500000e+02   5.5000000e+02   2.9532072e+02   4.5775273e+01   2.8863332e+02   4.7727082e+01   2.8622581e+02   4.3044321e+01   2.9248554e+02   4.1240654e+01   2.9532072e+02   4.5775272e+01
   1.8000000e+01   4.0000000e+00   1.0380000e+03   1.7000000e+01   2.9504989e+02   4.4988294e+01   2.8981941e+02   4.7595440e+01   2.8636868e+02   4.3847224e+01   2.9142835e+02   4.1398940e+01   2.9504989e+02   4.4988293e+01
   1.8000000e+01   4.0000000e+00   1.0380000e+03   1.1060000e+03   2.9418699e+02   4.6028437e+01   2.8835156e+02   4.6920865e+01   2.8733227e+02   4.2869216e+01   2.9279554e+02   4.2036130e+01   2.9418699e+02   4.6028436e+01
   1.9000000e+01   1.0000000e+00   2.5000000e+01   1.7000000e+01   2.9554607e+02   4.1905555e+01   2.9438851e+02   4.8072671e+01   2.8535429e+02   4.6867776e+01   2.8738095e+02   4.0820575e+01   2.9554607e+02   4.1905556e+01
   1.9000000e+01   1.0000000e+00   2.5000000e+01   1.1060000e+03   2.9473388e+02   4.2948012e+01   2.9285265e+02   4.7456022e+01   2.8638869e+02   4.5899918e+01   2.8869307e+02   4.1506336e+01   2.9473388e+02   4.2948013e+01
   1.9000000e+01   1.0000000e+00   5.3500000e+02   5.5000000e+02   2.9581655e+02   4.2694683e+01   2.9319949e+02   4.8256375e+01   2.8521154e+02   4.6059712e+01   2.8844268e+02   4.0694474e+01   2.9581655e+02   4.2694684e+01
   1.9000000e+01   1.0000000e+00   1.0380000e+03   1.7000000e+01   2.9686459e+02   4.2450121e+01   2.9352968e+02   4.9036013e+01   2.8405911e+02   4.6191668e+01   2.8822025e+02   3.9902867e+01   2.9686458e+02   4.2450123e+01
   1.9000000e+01   1.0000000e+00   1.0380000e+03   1.1060000e+03   2.9606794e+02   4.3502622e+01   2.9197429e+02   4.8407910e+01   2.8510322e+02   4.5234722e+01   2.8952381e+02   4.0579063e+01   2.9606794e+02   4.3502623e+01
   1.9000000e+01   2.0000000e+00   2.5000000e+01   1.7000000e+01   2.9388593e+02   4.3995305e+01   2.9133748e+02   4.6813364e+01   2.8739664e+02   4.4912756e+01   2.9004712e+02   4.2183018e+01   2.9388593e+02   4.3995305e+01
   1.9000000e+01   2.0000000e+00   2.5000000e+01   1.1060000e+03   2.9472554e+02   4.2958519e+01   2.9283731e+02   4.7449689e+01   2.8639895e+02   4.5890087e+01   2.8870647e+02   4.1513187e+01   2.9472553e+02   4.2958520e+01
   1.9000000e+01   2.0000000e+00   5.3500000e+02   5.5000000e+02   2.9497233e+02   4.3772515e+01   2.9162421e+02   4.7603774e+01   2.8626518e+02   4.5061920e+01   2.8980611e+02   4.1389047e+01   2.9497233e+02   4.3772515e+01
   1.9000000e+01   2.0000000e+00   1.0380000e+03   1.7000000e+01   2.9523465e+02   4.4559956e+01   2.9044231e+02   4.7752731e+01   2.8612257e+02   4.4258755e+01   2.9086729e+02   4.1246888e+01   2.9523465e+02   4.4559956e+01
   1.9000000e+01   2.0000000e+00   1.0380000e+03   1.1060000e+03   2.9605975e+02   4.3513230e+01   2.9195877e+02   4.8401456e+01   2.8511359e+02   4.5225003e+01   2.8953712e+02   4.0585822e+01   2.9605975e+02   4.3513231e+01
   1.9000000e+01   3.0000000e+00   2.5000000e+01   1.7000000e+01   2.9673356e+02   4.5154507e+01   2.8943297e+02   4.8768009e+01   2.8476643e+02   4.3532674e+01   2.9173157e+02   4.0220543e+01   2.9673356e+02   4.5154507e+01
   1.9000000e+01   3.0000000e+00   2.5000000e+01   1.1060000e+03   2.9754004e+02   4.4097774e+01   2.9096640e+02   4.9429834e+01   2.8374803e+02   4.4486306e+01   2.9041378e+02   3.9569522e+01   2.9754003e+02   4.4097775e+01
   1.9000000e+01   3.0000000e+00   5.3500000e+02   5.5000000e+02   2.9643937e+02   4.4367678e+01   2.9064660e+02   4.8623133e+01   2.8489706e+02   4.4341236e+01   2.9068408e+02   4.0376878e+01   2.9643937e+02   4.4367678e+01
   1.9000000e+01   3.0000000e+00   1.0380000e+03   1.7000000e+01   2.9535579e+02   4.4608379e+01   2.9036266e+02   4.7835949e+01   2.8601055e+02   4.4200930e+01   2.9093773e+02   4.1163343e+01   2.9535579e+02   4.4608379e+01
   1.9000000e+01   3.0000000e+00   1.0380000e+03   1.1060000e+03   2.9617902e+02   4.3560609e+01   2.9188089e+02   4.8485426e+01   2.8500108e+02   4.5166405e+01   2.8960826e+02   4.0503373e+01   2.9617902e+02   4.3560609e+01
   1.9000000e+01   4.0000000e+00   2.5000000e+01   1.7000000e+01   2.9832504e+02   4.3024495e+01   2.9255777e+02   5.0076635e+01   2.8268588e+02   4.5440499e+01   2.8910735e+02   3.8897650e+01   2.9832503e+02   4.3024497e+01
   1.9000000e+01   4.0000000e+00   2.5000000e+01   1.1060000e+03   2.9754803e+02   4.4087064e+01   2.9098211e+02   4.9436415e+01   2.8373757e+02   4.4495899e+01   2.9040059e+02   3.9562870e+01   2.9754803e+02   4.4087065e+01
   1.9000000e+01   4.0000000e+00   5.3500000e+02   5.5000000e+02   2.9726509e+02   4.3279026e+01   2.9224168e+02   4.9288689e+01   2.8383347e+02   4.5326600e+01   2.8933166e+02   3.9692979e+01   2.9726509e+02   4.3279027e+01
   1.9000000e+01   4.0000000e+00   1.0380000e+03   1.7000000e+01   2.9698189e+02   4.2496446e+01   2.9345383e+02   4.9120650e+01   2.8394627e+02   4.6132313e+01   2.8829192e+02   3.9821595e+01   2.9698189e+02   4.2496448e+01
   1.9000000e+01   4.0000000e+00   1.0380000e+03   1.1060000e+03   2.9618719e+02   4.3549990e+01   2.9189643e+02   4.8491887e+01   2.8499071e+02   4.5176116e+01   2.8959496e+02   4.0496626e+01   2.9618719e+02   4.3549991e+01
   2.0000000e+01   1.0000000e+00   2.5000000e+01   1.7000000e+01   2.9580931e+02   4.1463389e+01   2.9504897e+02   4.8273046e+01   2.8498478e+02   4.7281045e+01   2.8682715e+02   4.0580031e+01   2.9580931e+02   4.1463390e+01
   2.0000000e+01   1.0000000e+00   2.5000000e+01   1.1060000e+03   2.9721936e+02   4.2046710e+01   2.9413180e+02   4.9313032e+01   2.8358942e+02   4.6547534e+01   2.8773543e+02   3.9598314e+01   2.9721936e+02   4.2046712e+01
   2.0000000e+01   1.0000000e+00   5.3500000e+02   5.5000000e+02   2.9685906e+02   4.1257694e+01   2.9534857e+02   4.9062923e+01   2.8379067e+02   4.7369749e+01   2.8667646e+02   3.9773935e+01   2.9685906e+02   4.1257696e+01
   2.0000000e+01   1.0000000e+00   1.0380000e+03   1.7000000e+01   2.9653202e+02   4.0486621e+01   2.9652409e+02   4.8819017e+01   2.8397486e+02   4.8169920e+01   2.8563996e+02   3.9923714e+01   2.9653202e+02   4.0486623e+01
   2.0000000e+01   1.0000000e+00   1.0380000e+03   1.1060000e+03   2.9792828e+02   4.1061047e+01   2.9562843e+02   4.9871345e+01   2.8256923e+02   4.7424133e+01   2.8655625e+02   3.8950537e+01   2.9792828e+02   4.1061050e+01
   2.0000000e+01   2.0000000e+00   2.5000000e+01   1.7000000e+01   2.9867015e+02   4.2617585e+01   2.9316608e+02   5.0356131e+01   2.8221765e+02   4.5790285e+01   2.8862645e+02   3.8599383e+01   2.9867015e+02   4.2617587e+01
   2.0000000e+01   2.0000000e+00   2.5000000e+01   1.1060000e+03   2.9723375e+02   4.2052514e+01   2.9412234e+02   4.9323506e+01   2.8357551e+02   4.6540038e+01   2.8774448e+02   3.9588356e+01   2.9723374e+02   4.2052515e+01
   2.0000000e+01   2.0000000e+00   5.3500000e+02   5.5000000e+02   2.9831966e+02   4.1845732e+01   2.9439317e+02   5.0138566e+01   2.8236588e+02   4.6598039e+01   2.8760432e+02   3.8761823e+01   2.9831965e+02   4.1845734e+01
   2.0000000e+01   2.0000000e+00   1.0380000e+03   1.7000000e+01   2.9936326e+02   4.1623851e+01   2.9468338e+02   5.0927000e+01   2.8118968e+02   4.6653877e+01   2.8745650e+02   3.7960439e+01   2.9936325e+02   4.1623854e+01
   2.0000000e+01   2.0000000e+00   1.0380000e+03   1.1060000e+03   2.9794251e+02   4.1066766e+01   2.9561918e+02   4.9881944e+01   2.8255523e+02   4.7416509e+01   2.8656538e+02   3.8940666e+01   2.9794251e+02   4.1066768e+01
   2.0000000e+01   3.0000000e+00   2.5000000e+01   1.7000000e+01   3.0009184e+02   4.0538461e+01   2.9637573e+02   5.1523957e+01   2.8003539e+02   4.7582588e+01   2.8620691e+02   3.7253620e+01   3.0009184e+02   4.0538465e+01
   2.0000000e+01   3.0000000e+00   2.5000000e+01   1.1060000e+03   2.9868859e+02   3.9990697e+01   2.9728496e+02   5.0466122e+01   2.8140788e+02   4.8358489e+01   2.8530829e+02   3.8223912e+01   2.9868859e+02   3.9990701e+01
   2.0000000e+01   3.0000000e+00   5.3500000e+02   5.5000000e+02   2.9906437e+02   4.0773701e+01   2.9604281e+02   5.0737055e+01   2.8123951e+02   4.7532540e+01   2.8634761e+02   3.8060126e+01   2.9906436e+02   4.0773704e+01
   2.0000000e+01   3.0000000e+00   1.0380000e+03   1.7000000e+01   2.9942312e+02   4.1537079e+01   2.9481729e+02   5.0976164e+01   2.8109805e+02   4.6728592e+01   2.8735560e+02   3.7903862e+01   2.9942312e+02   4.1537082e+01
   2.0000000e+01   3.0000000e+00   1.0380000e+03   1.1060000e+03   2.9800333e+02   4.0981316e+01   2.9575023e+02   4.9929723e+01   2.8246482e+02   4.7491800e+01   2.8646450e+02   3.8883704e+01   2.9800333e+02   4.0981319e+01
   2.0000000e+01   4.0000000e+00   2.5000000e+01   1.7000000e+01   2.9729374e+02   3.9421116e+01   2.9816191e+02   4.9390404e+01   2.8283753e+02   4.9124594e+01   2.8437674e+02   3.9197287e+01   2.9729374e+02   3.9421119e+01
   2.0000000e+01   4.0000000e+00   2.5000000e+01   1.1060000e+03   2.9867452e+02   3.9985079e+01   2.9729394e+02   5.0455395e+01   2.8142196e+02   4.8366243e+01   2.8529909e+02   3.8233685e+01   2.9867452e+02   3.9985082e+01
   2.0000000e+01   4.0000000e+00   5.3500000e+02   5.5000000e+02   2.9762014e+02   4.0195739e+01   2.9697209e+02   4.9647764e+01   2.8267400e+02   4.8317650e+01   2.8541186e+02   3.9062668e+01   2.9762014e+02   4.0195742e+01
   2.0000000e+01   4.0000000e+00   1.0380000e+03   1.7000000e+01   2.9659363e+02   4.0402585e+01   2.9665218e+02   4.8865423e+01   2.8388591e+02   4.8245720e+01   2.8553922e+02   3.9866396e+01   2.9659364e+02   4.0402587e+01
   2.0000000e+01   4.0000000e+00   1.0380000e+03   1.1060000e+03   2.9798911e+02   4.0975611e+01   2.9575945e+02   4.9919110e+01   2.8247884e+02   4.7499429e+01   2.8645537e+02   3.8893572e+01   2.9798910e+02   4.0975614e+01
   2.2000000e+01   1.0000000e+00   2.5000000e+01   1.7000000e+01   2.9505768e+02   4.8275075e+01   2.8498070e+02   4.7286553e+01   2.8682011e+02   4.0577749e+01   2.9581157e+02   4.1457839e+01   2.9505768e+02   4.8275073e+01
   2.2000000e+01   1.0000000e+00   2.5000000e+01   1.1060000e+03   2.9413953e+02   4.9314537e+01   2.8358625e+02   4.6552337e+01   2.8772928e+02   3.9596815e+01   2.9722064e+02   4.2041843e+01   2.9413953e+02   4.9314535e+01
   2.2000000e+01   1.0000000e+00   5.3500000e+02   5.5000000e+02   2.9535649e+02   4.9064934e+01   2.8378658e+02   4.7374603e+01   2.8667032e+02   3.9771769e+01   2.9686116e+02   4.1252760e+01   2.9535649e+02   4.9064931e+01
   2.2000000e+01   1.0000000e+00   1.0380000e+03   1.7000000e+01   2.9653222e+02   4.8821552e+01   2.8396979e+02   4.8174817e+01   2.8563386e+02   3.9920866e+01   2.9653495e+02   4.0481628e+01   2.9653222e+02   4.8821550e+01
   2.2000000e+01   1.0000000e+00   1.0380000e+03   1.1060000e+03   2.9563556e+02   4.9873427e+01   2.8256503e+02   4.7428329e+01   2.8655099e+02   3.8948410e+01   2.9793034e+02   4.1056716e+01   2.9563556e+02   4.9873424e+01
   2.2000000e+01   2.0000000e+00   2.5000000e+01   1.7000000e+01   2.9317293e+02   5.0357143e+01   2.8221532e+02   4.5794481e+01   2.8862108e+02   3.8598603e+01   2.9867051e+02   4.2613340e+01   2.9317293e+02   5.0357141e+01
   2.2000000e+01   2.0000000e+00   2.5000000e+01   1.1060000e+03   2.9413006e+02   4.9325006e+01   2.8357235e+02   4.6544834e+01   2.8773834e+02   3.9586864e+01   2.9723502e+02   4.2047654e+01   2.9413006e+02   4.9325004e+01
   2.2000000e+01   2.0000000e+00   5.3500000e+02   5.5000000e+02   2.9440004e+02   5.0140122e+01   2.8236263e+02   4.6602170e+01   2.8759907e+02   3.8760368e+01   2.9832089e+02   4.1841502e+01   2.9440005e+02   5.0140120e+01
   2.2000000e+01   2.0000000e+00   1.0380000e+03   1.7000000e+01   2.9468946e+02   5.0928610e+01   2.8118637e+02   4.6657394e+01   2.8745206e+02   3.7959024e+01   2.9936446e+02   4.1620203e+01   2.9468947e+02   5.0928606e+01
   2.2000000e+01   2.0000000e+00   1.0380000e+03   1.1060000e+03   2.9562630e+02   4.9884021e+01   2.8255104e+02   4.7420699e+01   2.8656012e+02   3.8938545e+01   2.9794457e+02   4.1062441e+01   2.9562630e+02   4.9884018e+01
   2.2000000e+01   3.0000000e+00   2.5000000e+01   1.7000000e+01   2.9637621e+02   5.1525204e+01   2.8003344e+02   4.7582631e+01   2.8620705e+02   3.7252936e+01   3.0009275e+02   4.0538482e+01   2.9637621e+02   5.1525200e+01
   2.2000000e+01   3.0000000e+00   2.5000000e+01   1.1060000e+03   2.9728728e+02   5.0467987e+01   2.8140463e+02   4.8359571e+01   2.8530718e+02   3.8222367e+01   2.9869040e+02   3.9989606e+01   2.9728728e+02   5.0467983e+01
   2.2000000e+01   3.0000000e+00   5.3500000e+02   5.5000000e+02   2.9604466e+02   5.0738007e+01   2.8123775e+02   4.7533526e+01   2.8634659e+02   3.8059565e+01   2.9906493e+02   4.0772837e+01   2.9604466e+02   5.0738003e+01
   2.2000000e+01   3.0000000e+00   1.0380000e+03   1.7000000e+01   2.9481877e+02   5.0976257e+01   2.8109763e+02   4.6729504e+01   2.8735467e+02   3.7904217e+01   2.9942250e+02   4.1536417e+01   2.9481877e+02   5.0976253e+01
   2.2000000e+01   3.0000000e+00   1.0380000e+03   1.1060000e+03   2.9575350e+02   4.9930525e+01   2.8246309e+02   4.7493751e+01   2.8646224e+02   3.8883125e+01   2.9800377e+02   4.0979508e+01   2.9575350e+02   4.9930522e+01
   2.2000000e+01   4.0000000e+00   2.5000000e+01   1.7000000e+01   2.9816619e+02   4.9392916e+01   2.8283289e+02   4.9126858e+01   2.8437421e+02   3.9194782e+01   2.9729657e+02   3.9418812e+01   2.9816619e+02   4.9392912e+01
   2.2000000e+01   4.0000000e+00   2.5000000e+01   1.1060000e+03   2.9729627e+02   5.0457266e+01   2.8141871e+02   4.8367337e+01   2.8529796e+02   3.8232130e+01   2.9867635e+02   3.9983976e+01   2.9729627e+02   5.0457262e+01
   2.2000000e+01   4.0000000e+00   5.3500000e+02   5.5000000e+02   2.9697579e+02   4.9649452e+01   2.8267080e+02   4.8319714e+01   2.8540950e+02   3.9061105e+01   2.9762182e+02   4.0193718e+01   2.9697578e+02   4.9649449e+01
   2.2000000e+01   4.0000000e+00   1.0380000e+03   1.7000000e+01   2.9665721e+02   4.8866913e+01   2.8388287e+02   4.8248764e+01   2.8553559e+02   3.9864851e+01   2.9659517e+02   4.0399634e+01   2.9665721e+02   4.8866910e+01
   2.2000000e+01   4.0000000e+00   1.0380000e+03   1.1060000e+03   2.9576274e+02   4.9919919e+01   2.8247709e+02   4.7501391e+01   2.8645310e+02   3.8892983e+01   2.9798956e+02   4.0973791e+01   2.9576274e+02   4.9919916e+01
   2.3000000e+01   1.0000000e+00   2.5000000e+01   1.7000000e+01   2.9709279e+02   4.5788014e+01   2.8843688e+02   4.8955990e+01   2.8455441e+02   4.2868727e+01   2.9257806e+02   4.0006831e+01   2.9709278e+02   4.5788013e+01
   2.3000000e+01   1.0000000e+00   2.5000000e+01   1.1060000e+03   2.9625594e+02   4.6842730e+01   2.8694985e+02   4.8263343e+01   2.8553143e+02   4.1906682e+01   2.9392644e+02   4.0630891e+01   2.9625594e+02   4.6842729e+01
   2.3000000e+01   1.0000000e+00   5.3500000e+02   5.5000000e+02   2.9740614e+02   4.6572819e+01   2.8720963e+02   4.9079079e+01   2.8442916e+02   4.2059813e+01   2.9361491e+02   3.9831962e+01   2.9740614e+02   4.6572818e+01
   2.3000000e+01   1.0000000e+00   1.0380000e+03   1.7000000e+01   2.9851794e+02   4.6310789e+01   2.8745241e+02   4.9873225e+01   2.8335109e+02   4.2186801e+01   2.9333374e+02   3.9051963e+01   2.9851794e+02   4.6310789e+01
   2.3000000e+01   1.0000000e+00   1.0380000e+03   1.1060000e+03   2.9770141e+02   4.7376548e+01   2.8595083e+02   4.9167895e+01   2.8433560e+02   4.1234243e+01   2.9467106e+02   3.9667198e+01   2.9770141e+02   4.7376546e+01
   2.3000000e+01   2.0000000e+00   2.5000000e+01   1.7000000e+01   2.9537744e+02   4.7901945e+01   2.8548819e+02   4.7545217e+01   2.8648815e+02   4.0926428e+01   2.9531431e+02   4.1244545e+01   2.9537744e+02   4.7901943e+01
   2.3000000e+01   2.0000000e+00   2.5000000e+01   1.1060000e+03   2.9624732e+02   4.6853359e+01   2.8693503e+02   4.8256249e+01   2.8554115e+02   4.1896917e+01   2.9394019e+02   4.0637115e+01   2.9624732e+02   4.6853357e+01
   2.3000000e+01   2.0000000e+00   5.3500000e+02   5.5000000e+02   2.9653614e+02   4.7663596e+01   2.8568954e+02   4.8348179e+01   2.8542580e+02   4.1067866e+01   2.9501301e+02   4.0462883e+01   2.9653614e+02   4.7663595e+01
   2.3000000e+01   2.0000000e+00   1.0380000e+03   1.7000000e+01   2.9684256e+02   4.8446958e+01   2.8447744e+02   4.8436255e+01   2.8530120e+02   4.0263778e+01   2.9604599e+02   4.0272779e+01   2.9684255e+02   4.8446956e+01
   2.3000000e+01   2.0000000e+00   1.0380000e+03   1.1060000e+03   2.9769299e+02   4.7387288e+01   2.8593588e+02   4.9160669e+01   2.8434540e+02   4.1224574e+01   2.9468469e+02   3.9673336e+01   2.9769299e+02   4.7387287e+01
   2.3000000e+01   3.0000000e+00   2.5000000e+01   1.7000000e+01   2.9847169e+02   4.9016503e+01   2.8333974e+02   4.9395375e+01   2.8403608e+02   3.9531169e+01   2.9681612e+02   3.9210621e+01   2.9847169e+02   4.9016500e+01
   2.3000000e+01   3.0000000e+00   2.5000000e+01   1.1060000e+03   2.9929729e+02   4.7945535e+01   2.8480946e+02   5.0133726e+01   2.8307328e+02   4.0481087e+01   2.9546932e+02   3.8620503e+01   2.9929728e+02   4.7945532e+01
   2.3000000e+01   3.0000000e+00   5.3500000e+02   5.5000000e+02   2.9812684e+02   4.8234847e+01   2.8458327e+02   4.9313069e+01   2.8415231e+02   4.0340418e+01   2.9579723e+02   3.9414195e+01   2.9812684e+02   4.8234845e+01
   2.3000000e+01   3.0000000e+00   1.0380000e+03   1.7000000e+01   2.9697185e+02   4.8493210e+01   2.8438820e+02   4.8513624e+01   2.8519869e+02   4.0205799e+01   2.9610828e+02   4.0187783e+01   2.9697184e+02   4.8493207e+01
   2.3000000e+01   3.0000000e+00   1.0380000e+03   1.1060000e+03   2.9781963e+02   4.7432316e+01   2.8584816e+02   4.9238683e+01   2.8424287e+02   4.1166107e+01   2.9474774e+02   3.9589585e+01   2.9781963e+02   4.7432314e+01
   2.3000000e+01   4.0000000e+00   2.5000000e+01   1.7000000e+01   3.0009632e+02   4.6857716e+01   2.8634076e+02   5.0859628e+01   2.8207344e+02   4.1432639e+01   2.9413112e+02   3.8009530e+01   3.0009632e+02   4.6857715e+01
   2.3000000e+01   4.0000000e+00   2.5000000e+01   1.1060000e+03   2.9930545e+02   4.7934681e+01   2.8482455e+02   5.0141089e+01   2.8306342e+02   4.0490648e+01   2.9545583e+02   3.8614464e+01   2.9930545e+02   4.7934678e+01
   2.3000000e+01   4.0000000e+00   5.3500000e+02   5.5000000e+02   2.9897233e+02   4.7131978e+01   2.8611760e+02   5.0057942e+01   2.8314831e+02   4.1321720e+01   2.9441252e+02   3.8793270e+01   2.9897232e+02   4.7131976e+01
   2.3000000e+01   4.0000000e+00   1.0380000e+03   1.7000000e+01   2.9864185e+02   4.6354599e+01   2.8736648e+02   4.9951817e+01   2.8324866e+02   4.2127872e+01   2.9339737e+02   3.8969536e+01   2.9864185e+02   4.6354598e+01
   2.3000000e+01   4.0000000e+00   1.0380000e+03   1.1060000e+03   2.9782802e+02   4.7421563e+01   2.8586313e+02   4.9245915e+01   2.8423307e+02   4.1175771e+01   2.9473411e+02   3.9583460e+01   2.9782802e+02   4.7421562e+01
   2.4000000e+01   1.0000000e+00   2.5000000e+01   1.7000000e+01   2.9895301e+02   4.3267958e+01   2.9212407e+02   5.0515292e+01   2.8211576e+02   4.5111557e+01   2.8948307e+02   3.8469675e+01   2.9895301e+02   4.3267959e+01
   2.4000000e+01   1.0000000e+00   2.5000000e+01   1.1060000e+03   2.9818449e+02   4.4335135e+01   2.9053937e+02   4.9869396e+01   2.8317045e+02   4.4171782e+01   2.9077243e+02   3.9130504e+01   2.9818449e+02   4.4335136e+01
   2.4000000e+01   1.0000000e+00   5.3500000e+02   5.5000000e+02   2.9927598e+02   4.4047941e+01   2.9086676e+02   5.0676313e+01   2.8202089e+02   4.4300194e+01   2.9050504e+02   3.8323425e+01   2.9927597e+02   4.4047942e+01
   2.4000000e+01   1.0000000e+00   1.0380000e+03   1.7000000e+01   3.0033168e+02   4.3770132e+01   2.9117742e+02   5.1462113e+01   2.8089764e+02   4.4402167e+01   2.9026537e+02   3.7536122e+01   3.0033168e+02   4.3770134e+01
   2.4000000e+01   1.0000000e+00   1.0380000e+03   1.1060000e+03   2.9958212e+02   4.4847226e+01   2.8957290e+02   5.0803322e+01   2.8195886e+02   4.3472847e+01   2.9154611e+02   3.8188306e+01   2.9958211e+02   4.4847226e+01
   2.4000000e+01   2.0000000e+00   2.5000000e+01   1.7000000e+01   2.9738010e+02   4.5407961e+01   2.8898127e+02   4.9196138e+01   2.8420138e+02   4.3212600e+01   2.9209978e+02   3.9782801e+01   2.9738010e+02   4.5407961e+01
   2.4000000e+01   2.0000000e+00   2.5000000e+01   1.1060000e+03   2.9817658e+02   4.4345895e+01   2.9052358e+02   4.9862762e+01   2.8318093e+02   4.4162234e+01   2.9078559e+02   3.9137107e+01   2.9817658e+02   4.4345896e+01
   2.4000000e+01   2.0000000e+00   5.3500000e+02   5.5000000e+02   2.9847837e+02   4.5151508e+01   2.8924438e+02   4.9992273e+01   2.8309507e+02   4.3330979e+01   2.9184310e+02   3.8993146e+01   2.9847837e+02   4.5151508e+01
   2.4000000e+01   2.0000000e+00   1.0380000e+03   1.7000000e+01   2.9879607e+02   4.5930048e+01   2.8799815e+02   5.0116186e+01   2.8299799e+02   4.2524460e+01   2.9286304e+02   3.8832680e+01   2.9879607e+02   4.5930048e+01
   2.4000000e+01   2.0000000e+00   1.0380000e+03   1.1060000e+03   2.9957440e+02   4.4858085e+01   2.8955692e+02   5.0796554e+01   2.8196941e+02   4.3463405e+01   2.9155917e+02   3.8194826e+01   2.9957440e+02   4.4858086e+01
   2.4000000e+01   3.0000000e+00   2.5000000e+01   1.7000000e+01   3.0036636e+02   4.6476281e+01   2.8688737e+02   5.1107420e+01   2.8171854e+02   4.1763347e+01   2.9366865e+02   3.7793555e+01   3.0036635e+02   4.6476280e+01
   2.4000000e+01   3.0000000e+00   2.5000000e+01   1.1060000e+03   3.0112205e+02   4.5394399e+01   2.8846270e+02   5.1802427e+01   2.8068368e+02   4.2690291e+01   2.9237672e+02   3.7164708e+01   3.0112205e+02   4.5394400e+01
   2.4000000e+01   3.0000000e+00   5.3500000e+02   5.5000000e+02   3.0001419e+02   4.5699544e+01   2.8816878e+02   5.0989173e+01   2.8180588e+02   4.2574933e+01   2.9266087e+02   3.7967376e+01   3.0001418e+02   4.5699544e+01
   2.4000000e+01   3.0000000e+00   1.0380000e+03   1.7000000e+01   2.9892092e+02   4.5974484e+01   2.8791102e+02   5.0196132e+01   2.8289414e+02   4.2464097e+01   2.9292831e+02   3.8749493e+01   2.9892091e+02   4.5974483e+01
   2.4000000e+01   3.0000000e+00   1.0380000e+03   1.1060000e+03   2.9969708e+02   4.4901422e+01   2.8947166e+02   5.0877392e+01   2.8186532e+02   4.3402426e+01   2.9162499e+02   3.8112638e+01   2.9969707e+02   4.4901422e+01
   2.4000000e+01   4.0000000e+00   2.5000000e+01   1.7000000e+01   3.0185564e+02   4.4296430e+01   2.9010384e+02   5.2481851e+01   2.7960739e+02   4.3617300e+01   2.9109316e+02   3.6516082e+01   3.0185563e+02   4.4296432e+01
   2.4000000e+01   4.0000000e+00   2.5000000e+01   1.1060000e+03   3.0112954e+02   4.5383439e+01   2.8847887e+02   5.1809339e+01   2.8067306e+02   4.2699613e+01   2.9236377e+02   3.7158284e+01   3.0112953e+02   4.5383439e+01
   2.4000000e+01   4.0000000e+00   5.3500000e+02   5.5000000e+02   3.0078934e+02   4.4585209e+01   2.8981105e+02   5.1687779e+01   2.8072507e+02   4.3532384e+01   2.9133354e+02   3.7307267e+01   3.0078934e+02   4.4585210e+01
   2.4000000e+01   4.0000000e+00   1.0380000e+03   1.7000000e+01   3.0045211e+02   4.3812365e+01   2.9109436e+02   5.1543762e+01   2.8079343e+02   4.4340595e+01   2.9033160e+02   3.7455012e+01   3.0045210e+02   4.3812367e+01
   2.4000000e+01   4.0000000e+00   1.0380000e+03   1.1060000e+03   2.9970477e+02   4.4890550e+01   2.8948767e+02   5.0884169e+01   2.8185476e+02   4.3411861e+01   2.9161193e+02   3.8106129e+01   2.9970477e+02   4.4890551e+01
