# Summary of K2 Program GO0076

Title: INVESTIGATING KOPOSOV 62

PI: Revalski,  ()
CoIs: 



# Targets requested by this program that have been observed (251)
EPIC ID, RA (J2000) [deg], Dec (J2000) [deg], magnitude, Investigation IDs
202065748, 94.30661, 24.64463, 9.3, GO0076_LC|GO0100_LC
202065755, 94.62295, 24.80355, 10.2, GO0076_LC|GO0100_LC
202065757, 94.26828, 24.71399, 12.0, GO0076_LC|GO0118_LC|GO0119_LC
202065775, 94.49309, 24.84831, 11.0, GO0076_LC|GO0119_LC
202065799, 94.49403, 24.816, 11.5, GO0076_LC|GO0119_LC
202065800, 94.34393, 24.61978, 11.5, GO0076_LC
202065801, 94.7245, 24.69136, 11.5, GO0076_LC
202065802, 94.6682, 24.88376, 11.5, GO0076_LC
202065805, 94.58542, 24.52659, 11.6, GO0076_LC
202065807, 94.70555, 24.82935, 11.7, GO0076_LC
202065808, 94.61128, 24.57325, 11.7, GO0076_LC
202065809, 94.37627, 24.67894, 11.7, GO0076_LC
202065810, 94.37731, 24.7288, 11.7, GO0076_LC
202065811, 94.25979, 24.67139, 11.7, GO0076_LC
202065812, 94.31975, 24.862, 11.8, GO0076_LC
202065813, 94.57056, 24.85345, 11.8, GO0076_LC
202065814, 94.72932, 24.62887, 11.8, GO0076_LC
202065815, 94.50496, 24.7889, 11.8, GO0076_LC
202065816, 94.66705, 24.60448, 11.9, GO0076_LC
202065818, 94.56996, 24.52789, 11.9, GO0076_LC
202065819, 94.53534, 24.83398, 11.9, GO0076_LC
202065820, 94.57431, 24.70606, 11.9, GO0076_LC
202065823, 94.75008, 24.75897, 12.0, GO0076_LC
202065824, 94.31187, 24.62532, 12.0, GO0076_LC
202065826, 94.67884, 24.83934, 12.1, GO0076_LC
202065827, 94.37063, 24.51393, 12.1, GO0076_LC
202065828, 94.37181, 24.62049, 12.1, GO0076_LC|GO0111_LC
202065829, 94.67208, 24.7696, 12.1, GO0076_LC|GO0111_LC
202065830, 94.7292, 24.82219, 12.1, GO0076_LC
202065831, 94.60785, 24.52435, 12.1, GO0076_LC
202065832, 94.52886, 24.78659, 12.1, GO0076_LC
202065834, 94.59203, 24.89925, 12.2, GO0076_LC
202065835, 94.56639, 24.82803, 12.2, GO0076_LC
202065836, 94.40617, 24.52992, 12.2, GO0076_LC|GO0111_LC
202065837, 94.54712, 24.91849, 12.2, GO0076_LC
202065838, 94.35707, 24.78901, 12.2, GO0076_LC
202065840, 94.70513, 24.75304, 12.2, GO0076_LC|GO0111_LC
202065841, 94.53435, 24.72368, 12.2, GO0076_LC
202065842, 94.71421, 24.64009, 12.2, GO0076_LC
202065845, 94.55704, 24.69614, 12.3, GO0076_LC|GO0118_LC
202065846, 94.34816, 24.82392, 12.3, GO0076_LC
202065849, 94.53337, 24.81317, 12.4, GO0076_LC
202065850, 94.36256, 24.58102, 12.4, GO0076_LC
202065852, 94.3895, 24.62797, 12.4, GO0076_LC
202065853, 94.55658, 24.57105, 12.4, GO0076_LC
202065854, 94.72057, 24.69573, 12.5, GO0076_LC
202065855, 94.39575, 24.67443, 12.5, GO0076_LC
202065856, 94.32545, 24.84352, 12.5, GO0076_LC
202065858, 94.68759, 24.67821, 12.5, GO0076_LC
202065859, 94.61763, 24.77585, 12.5, GO0076_LC
202065861, 94.66546, 24.86073, 12.6, GO0076_LC
202065862, 94.68448, 24.68913, 12.6, GO0076_LC
202065863, 94.5811, 24.75547, 12.6, GO0076_LC
202065864, 94.69692, 24.81916, 12.6, GO0076_LC
202065865, 94.26892, 24.67689, 12.6, GO0076_LC|GO0119_LC
202065869, 94.33585, 24.59419, 12.6, GO0076_LC
202065870, 94.60132, 24.5527, 12.6, GO0076_LC
202065871, 94.68747, 24.55649, 12.6, GO0076_LC
202065874, 94.6217, 24.8185, 12.6, GO0076_LC
202065875, 94.53063, 24.87357, 12.6, GO0076_LC
202065876, 94.56562, 24.5144, 12.6, GO0076_LC
202065877, 94.68678, 24.67443, 12.6, GO0076_LC
202065878, 94.29979, 24.70757, 12.7, GO0076_LC
202065879, 94.55228, 24.63425, 12.7, GO0076_LC
202065880, 94.59221, 24.49546, 12.7, GO0076_LC
202065881, 94.34321, 24.73809, 12.7, GO0076_LC|GO0118_LC
202065884, 94.63137, 24.8503, 12.7, GO0076_LC
202065886, 94.62701, 24.63121, 12.7, GO0076_LC
202065890, 94.33577, 24.72456, 12.8, GO0076_LC
202065891, 94.38269, 24.55784, 12.8, GO0076_LC
202065892, 94.69603, 24.80967, 12.8, GO0076_LC|GO0111_LC
202065893, 94.71234, 24.60183, 12.8, GO0076_LC
202065894, 94.69172, 24.77821, 12.8, GO0076_LC
202065896, 94.55173, 24.85273, 12.8, GO0076_LC
202065899, 94.66134, 24.89181, 12.8, GO0076_LC|GO0119_LC
202065901, 94.29083, 24.64974, 12.8, GO0076_LC
202065903, 94.55807, 24.88309, 12.8, GO0076_LC
202065904, 94.33463, 24.80999, 12.8, GO0076_LC
202065905, 94.41182, 24.59588, 12.9, GO0076_LC
202065907, 94.70483, 24.72683, 12.9, GO0076_LC
202065908, 94.64418, 24.63221, 12.9, GO0076_LC
202065909, 94.34074, 24.87303, 12.9, GO0076_LC
202065910, 94.26827, 24.66473, 12.9, GO0076_LC
202065912, 94.65513, 24.55881, 12.9, GO0076_LC
202065913, 94.36623, 24.6665, 12.9, GO0076_LC
202065914, 94.66315, 24.55287, 12.9, GO0076_LC
202065915, 94.31316, 24.65368, 12.9, GO0076_LC
202065916, 94.54137, 24.81333, 12.9, GO0076_LC
202065918, 94.58359, 24.61803, 12.9, GO0076_LC
202065920, 94.56591, 24.69978, 12.9, GO0076_LC
202065922, 94.68574, 24.65094, 13.0, GO0076_LC
202065924, 94.55592, 24.86768, 13.0, GO0076_LC
202065925, 94.35016, 24.82633, 13.0, GO0076_LC
202065926, 94.68579, 24.63291, 13.0, GO0076_LC
202065928, 94.60648, 24.88373, 13.0, GO0076_LC
202065929, 94.54703, 24.6392, 13.0, GO0076_LC
202065930, 94.28579, 24.74134, 13.0, GO0076_LC
202065934, 94.71286, 24.81626, 13.0, GO0076_LC
202065935, 94.2822, 24.68874, 13.0, GO0076_LC
202065938, 94.28466, 24.63393, 13.0, GO0076_LC
202065939, 94.57148, 24.8265, 13.0, GO0076_LC
202065942, 94.69027, 24.73468, 13.1, GO0076_LC
202065946, 94.65621, 24.80307, 13.1, GO0076_LC
202065947, 94.34916, 24.53154, 13.1, GO0076_LC
202065948, 94.27869, 24.77012, 13.1, GO0076_LC
202065949, 94.62552, 24.50711, 13.1, GO0076_LC
202065950, 94.35923, 24.57966, 13.1, GO0076_LC
202065951, 94.52298, 24.90373, 13.1, GO0076_LC
202065953, 94.30702, 24.76081, 13.1, GO0076_LC
202065954, 94.51945, 24.83285, 13.1, GO0076_LC
202065955, 94.55968, 24.81874, 13.1, GO0076_LC
202065956, 94.70988, 24.59871, 13.2, GO0076_LC
202065958, 94.67491, 24.7096, 13.2, GO0076_LC
202065960, 94.34536, 24.69508, 13.2, GO0076_LC
202065962, 94.63644, 24.7101, 13.2, GO0076_LC
202065963, 94.3511, 24.68272, 13.2, GO0076_LC
202065964, 94.70267, 24.63179, 13.2, GO0076_LC
202065966, 94.64318, 24.58971, 13.2, GO0076_LC
202065968, 94.62709, 24.59639, 13.2, GO0076_LC
202065969, 94.62233, 24.8199, 13.2, GO0076_LC
202065971, 94.29875, 24.67376, 13.2, GO0076_LC
202065973, 94.54501, 24.75419, 13.2, GO0076_LC
202065974, 94.60292, 24.67512, 13.2, GO0076_LC
202065975, 94.66193, 24.86688, 13.2, GO0076_LC|GO0119_LC
202065977, 94.3122, 24.68312, 13.3, GO0076_LC
202065980, 94.53105, 24.90851, 13.3, GO0076_LC
202065981, 94.52014, 24.75629, 13.3, GO0076_LC
202065982, 94.62631, 24.90462, 13.3, GO0076_LC
202065987, 94.2912, 24.60946, 13.3, GO0076_LC
202065990, 94.6169, 24.53614, 13.3, GO0076_LC
202065991, 94.57993, 24.6057, 13.3, GO0076_LC
202065992, 94.62785, 24.54732, 13.3, GO0076_LC
202065994, 94.31508, 24.56429, 13.4, GO0076_LC
202065995, 94.7611, 24.72535, 13.4, GO0076_LC
202065996, 94.57272, 24.84083, 13.4, GO0076_LC
202065997, 94.53894, 24.87902, 13.4, GO0076_LC
202065998, 94.35727, 24.79412, 13.4, GO0076_LC
202065999, 94.31653, 24.64956, 13.4, GO0076_LC
202066002, 94.60829, 24.62406, 13.4, GO0076_LC
202066003, 94.74064, 24.78953, 13.4, GO0076_LC
202066004, 94.37525, 24.57081, 13.4, GO0076_LC
202066005, 94.57442, 24.56479, 13.4, GO0076_LC
202066006, 94.71153, 24.60359, 13.4, GO0076_LC
202066007, 94.67358, 24.74075, 13.4, GO0076_LC
202066008, 94.54327, 24.8957, 13.4, GO0076_LC
202066012, 94.60301, 24.6091, 13.4, GO0076_LC
202066013, 94.59509, 24.86347, 13.4, GO0076_LC
202066014, 94.56427, 24.63296, 13.4, GO0076_LC
202066015, 94.6606, 24.71768, 13.4, GO0076_LC
202066016, 94.36096, 24.73854, 13.5, GO0076_LC
202066017, 94.6741, 24.79364, 13.5, GO0076_LC
202066019, 94.51397, 24.76293, 13.5, GO0076_LC
202066020, 94.52187, 24.74908, 13.5, GO0076_LC
202066021, 94.29347, 24.73361, 13.5, GO0076_LC
202066025, 94.32915, 24.8413, 13.5, GO0076_LC
202066027, 94.34286, 24.70921, 13.5, GO0076_LC
202066028, 94.61164, 24.92225, 13.5, GO0076_LC
202066029, 94.68565, 24.82848, 13.5, GO0076_LC
202066030, 94.5842, 24.60324, 13.5, GO0076_LC
202066031, 94.60438, 24.8484, 13.5, GO0076_LC
202066033, 94.66234, 24.69396, 13.5, GO0076_LC
202066034, 94.30358, 24.68605, 13.5, GO0076_LC
202066035, 94.65596, 24.87825, 13.5, GO0076_LC
202066036, 94.62894, 24.84275, 13.5, GO0076_LC
202066037, 94.34618, 24.5437, 13.5, GO0076_LC
202066038, 94.58872, 24.72605, 13.5, GO0076_LC
202066039, 94.61201, 24.72596, 13.5, GO0076_LC
202066041, 94.54789, 24.6329, 13.5, GO0076_LC
202066042, 94.60274, 24.92131, 13.5, GO0076_LC
202066045, 94.68055, 24.6283, 13.6, GO0076_LC
202066046, 94.31766, 24.8443, 13.6, GO0076_LC
202066048, 94.58267, 24.85097, 13.6, GO0076_LC
202066049, 94.56801, 24.49682, 13.6, GO0076_LC
202066051, 94.39617, 24.58917, 13.6, GO0076_LC
202066052, 94.41428, 24.56685, 13.6, GO0076_LC
202066054, 94.59838, 24.49253, 13.6, GO0076_LC
202066055, 94.59207, 24.91547, 13.6, GO0076_LC
202066056, 94.59245, 24.67104, 13.6, GO0076_LC
202066057, 94.5171, 24.85948, 13.6, GO0076_LC
202066058, 94.61723, 24.52529, 13.6, GO0076_LC
202066060, 94.31673, 24.801, 13.6, GO0076_LC
202066063, 94.61896, 24.76275, 13.6, GO0076_LC
202066064, 94.70798, 24.68915, 13.6, GO0076_LC
202066067, 94.63142, 24.58874, 13.6, GO0076_LC
202066069, 94.28451, 24.64311, 13.7, GO0076_LC
202066071, 94.67606, 24.87635, 13.7, GO0076_LC
202066073, 94.74925, 24.75631, 13.7, GO0076_LC
202066074, 94.73203, 24.65864, 13.7, GO0076_LC
202066075, 94.4061, 24.54394, 13.7, GO0076_LC
202066076, 94.27194, 24.75162, 13.7, GO0076_LC
202066077, 94.25854, 24.76316, 13.7, GO0076_LC
202066078, 94.5629, 24.67319, 13.7, GO0076_LC
202066080, 94.56459, 24.7885, 13.7, GO0076_LC
202066081, 94.67769, 24.80119, 13.7, GO0076_LC
202066083, 94.48302, 24.87072, 13.7, GO0076_LC
202066084, 94.62326, 24.59905, 13.7, GO0076_LC
202066085, 94.60175, 24.60122, 13.7, GO0076_LC
202066087, 94.51115, 24.76878, 13.7, GO0076_LC
202066089, 94.65257, 24.75919, 13.7, GO0076_LC
202066090, 94.42471, 24.52097, 13.7, GO0076_LC
202066091, 94.61452, 24.49892, 13.7, GO0076_LC|GO0107_LC|GO0120_LC
202066092, 94.72664, 24.72857, 13.7, GO0076_LC
202066095, 94.58721, 24.49694, 13.8, GO0076_LC
202066098, 94.67331, 24.67912, 13.8, GO0076_LC
202066099, 94.31751, 24.82004, 13.8, GO0076_LC
202066100, 94.59807, 24.58232, 13.8, GO0076_LC
202066102, 94.35025, 24.65266, 13.8, GO0076_LC
202066103, 94.65705, 24.63333, 13.8, GO0076_LC
202066106, 94.28817, 24.81161, 13.8, GO0076_LC
202066107, 94.28215, 24.66825, 13.8, GO0076_LC
202066108, 94.69873, 24.73749, 13.8, GO0076_LC|GO0107_LC
202066109, 94.32918, 24.81371, 13.8, GO0076_LC
202066111, 94.74826, 24.68691, 13.8, GO0076_LC
202066113, 94.29188, 24.64913, 13.8, GO0076_LC
202066115, 94.35258, 24.57195, 13.8, GO0076_LC
202066116, 94.60338, 24.82198, 13.8, GO0076_LC
202066117, 94.27816, 24.74323, 13.8, GO0076_LC
202066118, 94.75695, 24.66093, 13.8, GO0076_LC
202066120, 94.64539, 24.75947, 13.8, GO0076_LC
202066121, 94.6528, 24.79598, 13.8, GO0076_LC
202066122, 94.73835, 24.64655, 13.8, GO0076_LC
202066123, 94.5715, 24.78499, 13.9, GO0076_LC
202066124, 94.70769, 24.7976, 13.9, GO0076_LC
202066127, 94.28826, 24.63791, 13.9, GO0076_LC
202066128, 94.34135, 24.86787, 13.9, GO0076_LC
202066129, 94.53701, 24.67984, 13.9, GO0076_LC
202066130, 94.68665, 24.64705, 13.9, GO0076_LC
202066131, 94.68219, 24.68236, 13.9, GO0076_LC
202066133, 94.66624, 24.77328, 13.9, GO0076_LC
202066135, 94.63216, 24.77887, 13.9, GO0076_LC
202066136, 94.31734, 24.72121, 13.9, GO0076_LC
202066141, 94.54149, 24.79502, 13.9, GO0076_LC
202066145, 94.66472, 24.68181, 13.9, GO0076_LC
202066146, 94.56696, 24.64842, 13.9, GO0076_LC
202066147, 94.6353, 24.73498, 13.9, GO0076_LC
202066148, 94.32659, 24.62823, 13.9, GO0076_LC
202066149, 94.57839, 24.7304, 13.9, GO0076_LC
202066150, 94.49583, 24.91598, 13.9, GO0076_LC
202066151, 94.65356, 24.8019, 13.9, GO0076_LC
202066152, 94.7541, 24.72665, 13.9, GO0076_LC
202066153, 94.4812, 24.91164, 13.9, GO0076_LC
202066154, 94.53525, 24.68814, 13.9, GO0076_LC
202066157, 94.51582, 24.85997, 14.0, GO0076_LC
202066159, 94.38675, 24.52318, 14.0, GO0076_LC
202066160, 94.59414, 24.61188, 14.0, GO0076_LC
202066161, 94.29525, 24.78377, 14.0, GO0076_LC
202066162, 94.39456, 24.55477, 14.0, GO0076_LC
202066164, 94.55716, 24.75895, 14.0, GO0076_LC
202066166, 94.54305, 24.84697, 14.0, GO0076_LC
202066167, 94.63128, 24.59366, 14.0, GO0076_LC
202066168, 94.65677, 24.64036, 14.0, GO0076_LC
