200107466
200107588
200107605
200107606
200107782
200107810
200107811
200107921
200107952
200108002
200108145
200108291
200109390
200109391
200109500
200109999
200110042
200110055
200110090
200110091
200110092
200110114
200110118
200110131
200110231
200110275
200110291
200110334
200110378
200110462
200110472
200110515
200110521
200110537
200110764
200111099
200111108
200111210
200111216
200111995
200112045
200112066
200113673
200113674
200114053
200114086
200114087
200114093
200114094
200114194
200114199
200114227
200114282
200114325
200115357
200115751
200116181
200116193
200116302
200116346
200116347
200116348
200116349
200116444
200116456
200116475
200116476
200116485
200116503
200116532
200116533
200116582
200116592
200116595
200116598
200116611
200116634
200116635
200116643
200116654
200116733
200116783
200116943
200116981
200116990
200117033
200117034
200117035
200117088
200117136
200117145
200117146
200117198
200117220
200117291
200117924
200117999
200118002
200118008
200118098
200118107
200119014
200119024
200119025
200119030
200119069
200119070
200119071
200119101
200119131
200119205
200119277
200119676
200120070
200120071
200120140
200120358
200120397
200120545
200120598
200120644
200120723
200120736
200120769
200120786
200120796
200120799
200120804
200120814
200120816
200120850
200120851
200120887
200120898
200121136
200121176
200121179
200121627
200121628
200121651
200121657
200121972
200122130
200122143
200122237
200122344
200122365
200122373
200122396
200122397
200122454
200122458
200122473
200122510
200122553
200122556
200122566
200122568
200122577
200124055
200124056
200124067
200124436
200124484
200124508
200124545
200124751
200125262
200125315
200125354
200126659
200127535
200127677
200128128
200128156
200128600
200128605
200128606
200128607
221731539
221878608
221978375
240350593
240404218
240553878
240554986
240740531
240750495
251248594
251248600
251248602
251248608
251248623
251248631