200129342
200129637
200131797
200132043
200132170
200132181
200132222
200132359
200132374
200132468
200132471
200132747
200132748
200132804
200132906
200133195
200133196
200133353
200134288
200134327
200134328
200134429
200134462
200134550
200135367
200135760
200135871
200136214
200136321
200136547
200136549
200136826
200136990
200137013
200137232
200138178
200138179
200138180
200138748
200139086
200139099
200139102
200139124
200139127
200139265
200140093
200140299
200140572
200140646
200140652
200140659
200140684
200140699
200140739
200140835
200141123
200141177
200141369
200141419
200141644
200141645
200141653
200141665
200141696
200141869
200141878
200141907
200142568
200142906
200142930
200142978
200143019
200143132
200143823
200144751
200146357
200146365
200146388
224339351
224994110
234119773
236564764
251248369
251248592
251248598
251248615
251248638
251249026